tissue,table,gene,genename,y0,A,x0,w,sumsquarevalue,rti_sigma_dist,rti,lti_sigma_dist,lti,min,max,mean,std,skew,kurt,left,right,maxheight,rightheight,leftheight,n_obs,fit_success
adipose_subcutaneous,excluded_at_or_below_-1,ENSG00000221461.2,U3,,,,,,,,,,,,,,,,,,,,,0,False
adipose_subcutaneous,raw,ENSG00000221461.2,U3,0.0,714.0,-0.9875,1.0001e-06,0.0,-17675.90193946968,0.0,,,-1.0,-1.0,-1.0,0.0,,,,-1.0,5.83115986411798e-187,0.0,,714,True
adipose_visceral_omentum,excluded_at_or_below_-1,ENSG00000221461.2,U3,,,,,,,,,,,,,,,,,,,,,0,False
adipose_visceral_omentum,raw,ENSG00000221461.2,U3,0.0,587.0,-0.9875,1.0001e-06,0.0,-17675.90193946968,0.0,,,-1.0,-1.0,-1.0,0.0,,,,-1.0,4.793964762237051e-187,0.0,,587,True
adrenal_gland,excluded_at_or_below_-1,ENSG00000221461.2,U3,,,,,,,,,,,,,,,,,,,,,0,False
adrenal_gland,raw,ENSG00000221461.2,U3,0.0,295.0,-0.9875,1.0001e-06,0.0,-17675.90193946968,0.0,,,-1.0,-1.0,-1.0,0.0,,,,-1.0,2.409232716967513e-187,0.0,,295,True
artery_aorta,excluded_at_or_below_-1,ENSG00000221461.2,U3,,,,,,,,,,,,,,,,,,,,,0,False
artery_aorta,raw,ENSG00000221461.2,U3,0.0,472.0,-0.9875,1.0001e-06,0.0,-17675.90193946968,0.0,,,-1.0,-1.0,-1.0,0.0,,,,-1.0,3.8547723471480207e-187,0.0,,472,True
artery_coronary,excluded_at_or_below_-1,ENSG00000221461.2,U3,,,,,,,,,,,,,,,,,,,,,0,False
artery_coronary,raw,ENSG00000221461.2,U3,0.0,268.0,-0.9875,1.0001e-06,0.0,-17675.90193946968,0.0,,,-1.0,-1.0,-1.0,0.0,,,,-1.0,2.1887266716857407e-187,0.0,,268,True
artery_tibial,excluded_at_or_below_-1,ENSG00000221461.2,U3,,,,,,,,,,,,,,,,,,,,,0,False
artery_tibial,raw,ENSG00000221461.2,U3,0.0,691.0,-0.9875,1.0001e-06,0.0,-17675.90193946968,0.0,,,-1.0,-1.0,-1.0,0.0,,,,-1.0,5.643321381100175e-187,0.0,,691,True
bladder,excluded_at_or_below_-1,ENSG00000221461.2,U3,,,,,,,,,,,,,,,,,,,,,0,False
bladder,raw,ENSG00000221461.2,U3,0.0,77.0,-0.9875,1.0001e-06,0.0,-17675.90193946968,0.0,,,-1.0,-1.0,-1.0,0.0,,,,-1.0,6.288505735813509e-188,0.0,,77,True
brain_amygdala,excluded_at_or_below_-1,ENSG00000221461.2,U3,,,,,,,,,,,,,,,,,,,,,0,False
brain_amygdala,raw,ENSG00000221461.2,U3,0.0,181.0,-0.9875,1.0001e-06,0.0,-17675.90193946968,0.0,,,-1.0,-1.0,-1.0,0.0,,,,-1.0,1.478207192444474e-187,0.0,,181,True
brain_anterior_cingulate_cortex_ba24,excluded_at_or_below_-1,ENSG00000221461.2,U3,,,,,,,,,,,,,,,,,,,,,0,False
brain_anterior_cingulate_cortex_ba24,raw,ENSG00000221461.2,U3,0.0,233.0,-0.9875,1.0001e-06,0.0,-17675.90193946968,0.0,,,-1.0,-1.0,-1.0,0.0,,,,-1.0,1.9028855018760357e-187,0.0,,233,True
brain_caudate_basal_ganglia,excluded_at_or_below_-1,ENSG00000221461.2,U3,,,,,,,,,,,,,,,,,,,,,0,False
brain_caudate_basal_ganglia,raw,ENSG00000221461.2,U3,0.0,300.0,-0.9875,1.0001e-06,0.0,-17675.90193946968,0.0,,,-1.0,-1.0,-1.0,0.0,,,,-1.0,2.450067169797471e-187,0.0,,300,True
brain_cerebellar_hemisphere,excluded_at_or_below_-1,ENSG00000221461.2,U3,,,,,,,,,,,,,,,,,,,,,0,False
brain_cerebellar_hemisphere,raw,ENSG00000221461.2,U3,0.0,277.0,-0.9875,1.0001e-06,0.0,-17675.90193946968,0.0,,,-1.0,-1.0,-1.0,0.0,,,,-1.0,2.2622286867796648e-187,0.0,,277,True
brain_cerebellum,excluded_at_or_below_-1,ENSG00000221461.2,U3,,,,,,,,,,,,,,,,,,,,,0,False
brain_cerebellum,raw,ENSG00000221461.2,U3,0.0,266.0,-0.9875,1.0001e-06,0.0,-17675.90193946968,0.0,,,-1.0,-1.0,-1.0,0.0,,,,-1.0,2.1723928905537574e-187,0.0,,266,True
brain_cortex,excluded_at_or_below_-1,ENSG00000221461.2,U3,,,,,,,,,,,,,,,,,,,,,0,False
brain_cortex,raw,ENSG00000221461.2,U3,0.0,270.0,-0.9875,1.0001e-06,0.0,-17675.90193946968,0.0,,,-1.0,-1.0,-1.0,0.0,,,,-1.0,2.2050604528177237e-187,0.0,,270,True
brain_frontal_cortex_ba9,excluded_at_or_below_-1,ENSG00000221461.2,U3,,,,,,,,,,,,,,,,,,,,,0,False
brain_frontal_cortex_ba9,raw,ENSG00000221461.2,U3,0.0,269.0,-0.9875,1.0001e-06,0.0,-17675.90193946968,0.0,,,-1.0,-1.0,-1.0,0.0,,,,-1.0,2.196893562251732e-187,0.0,,269,True
brain_hippocampus,excluded_at_or_below_-1,ENSG00000221461.2,U3,,,,,,,,,,,,,,,,,,,,,0,False
brain_hippocampus,raw,ENSG00000221461.2,U3,0.0,255.0,-0.9875,1.0001e-06,0.0,-17675.90193946968,0.0,,,-1.0,-1.0,-1.0,0.0,,,,-1.0,2.08255709432785e-187,0.0,,255,True
brain_hypothalamus,excluded_at_or_below_-1,ENSG00000221461.2,U3,,,,,,,,,,,,,,,,,,,,,0,False
brain_hypothalamus,raw,ENSG00000221461.2,U3,0.0,257.0,-0.9875,1.0001e-06,0.0,-17675.90193946968,0.0,,,-1.0,-1.0,-1.0,0.0,,,,-1.0,2.0988908754598334e-187,0.0,,257,True
brain_nucleus_accumbens_basal_ganglia,excluded_at_or_below_-1,ENSG00000221461.2,U3,,,,,,,,,,,,,,,,,,,,,0,False
brain_nucleus_accumbens_basal_ganglia,raw,ENSG00000221461.2,U3,0.0,285.0,-0.9875,1.0001e-06,0.0,-17675.90193946968,0.0,,,-1.0,-1.0,-1.0,0.0,,,,-1.0,2.3275638113075975e-187,0.0,,285,True
brain_putamen_basal_ganglia,excluded_at_or_below_-1,ENSG00000221461.2,U3,,,,,,,,,,,,,,,,,,,,,0,False
brain_putamen_basal_ganglia,raw,ENSG00000221461.2,U3,0.0,254.0,-0.9875,1.0001e-06,0.0,-17675.90193946968,0.0,,,-1.0,-1.0,-1.0,0.0,,,,-1.0,2.0743902037618585e-187,0.0,,254,True
brain_spinal_cord_cervical_c-1,excluded_at_or_below_-1,ENSG00000221461.2,U3,,,,,,,,,,,,,,,,,,,,,0,False
brain_spinal_cord_cervical_c-1,raw,ENSG00000221461.2,U3,0.0,204.0,-0.9875,1.0001e-06,0.0,-17675.90193946968,0.0,,,-1.0,-1.0,-1.0,0.0,,,,-1.0,1.6660456754622802e-187,0.0,,204,True
brain_substantia_nigra,excluded_at_or_below_-1,ENSG00000221461.2,U3,,,,,,,,,,,,,,,,,,,,,0,False
brain_substantia_nigra,raw,ENSG00000221461.2,U3,0.0,183.0,-0.9875,1.0001e-06,0.0,-17675.90193946968,0.0,,,-1.0,-1.0,-1.0,0.0,,,,-1.0,1.4945409735764572e-187,0.0,,183,True
breast_mammary_tissue,excluded_at_or_below_-1,ENSG00000221461.2,U3,,,,,,,,,,,,,,,,,,,,,0,False
breast_mammary_tissue,raw,ENSG00000221461.2,U3,0.0,514.0,-0.9875,1.0001e-06,0.0,-17675.90193946968,0.0,,,-1.0,-1.0,-1.0,0.0,,,,-1.0,4.1977817509196667e-187,0.0,,514,True
cells_cultured_fibroblasts,excluded_at_or_below_-1,ENSG00000221461.2,U3,,,,,,,,,,,,,,,,,,,,,0,False
cells_cultured_fibroblasts,raw,ENSG00000221461.2,U3,0.0,652.0,-0.9875,1.0001e-06,0.0,-17675.90193946968,0.0,,,-1.0,-1.0,-1.0,0.0,,,,-1.0,5.324812649026503e-187,0.0,,652,True
cells_ebv-transformed_lymphocytes,excluded_at_or_below_-1,ENSG00000221461.2,U3,,,,,,,,,,,,,,,,,,,,,0,False
cells_ebv-transformed_lymphocytes,raw,ENSG00000221461.2,U3,0.0,327.0,-0.9875,1.0001e-06,0.0,-17675.90193946968,0.0,,,-1.0,-1.0,-1.0,0.0,,,,-1.0,2.670573215079243e-187,0.0,,327,True
cervix_ectocervix,excluded_at_or_below_-1,ENSG00000221461.2,U3,,,,,,,,,,,,,,,,,,,,,0,False
cervix_ectocervix,raw,ENSG00000221461.2,U3,0.0,24.0,-0.9875,1.0001e-06,0.0,-17675.90193946968,0.0,,,-1.0,-1.0,-1.0,0.0,,,,-1.0,1.9600537358379766e-188,0.0,,24,True
cervix_endocervix,excluded_at_or_below_-1,ENSG00000221461.2,U3,,,,,,,,,,,,,,,,,,,,,0,False
cervix_endocervix,raw,ENSG00000221461.2,U3,0.0,23.0,-0.9875,1.0001e-06,0.0,-17675.90193946968,0.0,,,-1.0,-1.0,-1.0,0.0,,,,-1.0,1.878384830178061e-188,0.0,,23,True
colon_sigmoid,excluded_at_or_below_-1,ENSG00000221461.2,U3,,,,,,,,,,,,,,,,,,,,,0,False
colon_sigmoid,raw,ENSG00000221461.2,U3,0.0,419.0,-0.9875,1.0001e-06,0.0,-17675.90193946968,0.0,,,-1.0,-1.0,-1.0,0.0,,,,-1.0,3.4219271471504676e-187,0.0,,419,True
colon_transverse,excluded_at_or_below_-1,ENSG00000221461.2,U3,,,,,,,,,,,,,,,,,,,,,0,False
colon_transverse,raw,ENSG00000221461.2,U3,0.0,479.0,-0.9875,1.0001e-06,0.0,-17675.90193946968,0.0,,,-1.0,-1.0,-1.0,0.0,,,,-1.0,3.911940581109962e-187,0.0,,479,True
esophagus_gastroesophageal_junction,excluded_at_or_below_-1,ENSG00000221461.2,U3,,,,,,,,,,,,,,,,,,,,,0,False
esophagus_gastroesophageal_junction,raw,ENSG00000221461.2,U3,0.0,403.0,-0.9875,1.0001e-06,0.0,-17675.90193946968,0.0,,,-1.0,-1.0,-1.0,0.0,,,,-1.0,3.2912568980946026e-187,0.0,,403,True
esophagus_mucosa,excluded_at_or_below_-1,ENSG00000221461.2,U3,,,,,,,,,,,,,,,,,,,,,0,False
esophagus_mucosa,raw,ENSG00000221461.2,U3,0.0,614.0,-0.9875,1.0001e-06,0.0,-17675.90193946968,0.0,,,-1.0,-1.0,-1.0,0.0,,,,-1.0,5.014470807518823e-187,0.0,,614,True
esophagus_muscularis,excluded_at_or_below_-1,ENSG00000221461.2,U3,,,,,,,,,,,,,,,,,,,,,0,False
esophagus_muscularis,raw,ENSG00000221461.2,U3,0.0,561.0,-0.9875,1.0001e-06,0.0,-17675.90193946968,0.0,,,-1.0,-1.0,-1.0,0.0,,,,-1.0,4.5816256075212706e-187,0.0,,561,True
fallopian_tube,excluded_at_or_below_-1,ENSG00000221461.2,U3,,,,,,,,,,,,,,,,,,,,,0,False
fallopian_tube,raw,ENSG00000221461.2,U3,0.0,29.0,-0.9875,1.0001e-06,0.0,-17675.90193946968,0.0,,,-1.0,-1.0,-1.0,0.0,,,,-1.0,2.368398264137555e-188,0.0,,29,True
heart_atrial_appendage,excluded_at_or_below_-1,ENSG00000221461.2,U3,,,,,,,,,,,,,,,,,,,,,0,False
heart_atrial_appendage,raw,ENSG00000221461.2,U3,0.0,461.0,-0.9875,1.0001e-06,0.0,-17675.90193946968,0.0,,,-1.0,-1.0,-1.0,0.0,,,,-1.0,3.7649365509221136e-187,0.0,,461,True
heart_left_ventricle,excluded_at_or_below_-1,ENSG00000221461.2,U3,,,,,,,,,,,,,,,,,,,,,0,False
heart_left_ventricle,raw,ENSG00000221461.2,U3,0.0,452.0,-0.9875,1.0001e-06,0.0,-17675.90193946968,0.0,,,-1.0,-1.0,-1.0,0.0,,,,-1.0,3.6914345358281893e-187,0.0,,452,True
kidney_cortex,excluded_at_or_below_-1,ENSG00000221461.2,U3,,,,,,,,,,,,,,,,,,,,,0,False
kidney_cortex,raw,ENSG00000221461.2,U3,0.0,104.0,-0.9875,1.0001e-06,0.0,-17675.90193946968,0.0,,,-1.0,-1.0,-1.0,0.0,,,,-1.0,8.493566188631232e-188,0.0,,104,True
kidney_medulla,excluded_at_or_below_-1,ENSG00000221461.2,U3,,,,,,,,,,,,,,,,,,,,,0,False
kidney_medulla,raw,ENSG00000221461.2,U3,0.0,11.0,-0.9875,1.0001e-06,0.0,-17675.90193946968,0.0,,,-1.0,-1.0,-1.0,0.0,,,,-1.0,8.983579622590726e-189,0.0,,11,True
liver,excluded_at_or_below_-1,ENSG00000221461.2,U3,,,,,,,,,,,,,,,,,,,,,0,False
liver,raw,ENSG00000221461.2,U3,0.0,262.0,-0.9875,1.0001e-06,0.0,-17675.90193946968,0.0,,,-1.0,-1.0,-1.0,0.0,,,,-1.0,2.1397253282897912e-187,0.0,,262,True
lung,excluded_at_or_below_-1,ENSG00000221461.2,U3,,,,,,,,,,,,,,,,,,,,,0,False
lung,raw,ENSG00000221461.2,U3,0.0,604.0,-0.9875,1.0001e-06,0.0,-17675.90193946968,0.0,,,-1.0,-1.0,-1.0,0.0,,,,-1.0,4.932801901858908e-187,0.0,,604,True
minor_salivary_gland,excluded_at_or_below_-1,ENSG00000221461.2,U3,,,,,,,,,,,,,,,,,,,,,0,False
minor_salivary_gland,raw,ENSG00000221461.2,U3,0.0,181.0,-0.9875,1.0001e-06,0.0,-17675.90193946968,0.0,,,-1.0,-1.0,-1.0,0.0,,,,-1.0,1.478207192444474e-187,0.0,,181,True
muscle_skeletal,excluded_at_or_below_-1,ENSG00000221461.2,U3,,,,,,,,,,,,,,,,,,,,,0,False
muscle_skeletal,raw,ENSG00000221461.2,U3,0.0,818.0,-0.9875,1.0001e-06,0.0,-17675.90193946968,0.0,,,-1.0,-1.0,-1.0,0.0,,,,-1.0,6.680516482981104e-187,0.0,,818,True
nerve_tibial,excluded_at_or_below_-1,ENSG00000221461.2,U3,,,,,,,,,,,,,,,,,,,,,0,False
nerve_tibial,raw,ENSG00000221461.2,U3,0.0,670.0,-0.9875,1.0001e-06,0.0,-17675.90193946968,0.0,,,-1.0,-1.0,-1.0,0.0,,,,-1.0,5.471816679214351e-187,0.0,,670,True
ovary,excluded_at_or_below_-1,ENSG00000221461.2,U3,,,,,,,,,,,,,,,,,,,,,0,False
ovary,raw,ENSG00000221461.2,U3,0.0,193.0,-0.9875,1.0001e-06,0.0,-17675.90193946968,0.0,,,-1.0,-1.0,-1.0,0.0,,,,-1.0,1.576209879236373e-187,0.0,,193,True
pancreas,excluded_at_or_below_-1,ENSG00000221461.2,U3,,,,,,,,,,,,,,,,,,,,,0,False
pancreas,raw,ENSG00000221461.2,U3,0.0,362.0,-0.9875,1.0001e-06,0.0,-17675.90193946968,0.0,,,-1.0,-1.0,-1.0,0.0,,,,-1.0,2.956414384888948e-187,0.0,,362,True
pituitary,excluded_at_or_below_-1,ENSG00000221461.2,U3,,,,,,,,,,,,,,,,,,,,,0,False
pituitary,raw,ENSG00000221461.2,U3,0.0,313.0,-0.9875,1.0001e-06,0.0,-17675.90193946968,0.0,,,-1.0,-1.0,-1.0,0.0,,,,-1.0,2.5562367471553613e-187,0.0,,313,True
prostate,excluded_at_or_below_-1,ENSG00000221461.2,U3,,,,,,,,,,,,,,,,,,,,,0,False
prostate,raw,ENSG00000221461.2,U3,0.0,282.0,-0.9875,1.0001e-06,0.0,-17675.90193946968,0.0,,,-1.0,-1.0,-1.0,0.0,,,,-1.0,2.3030631396096224e-187,0.0,,282,True
skin_not_sun_exposed_suprapubic,excluded_at_or_below_-1,ENSG00000221461.2,U3,,,,,,,,,,,,,,,,,,,,,0,False
skin_not_sun_exposed_suprapubic,raw,ENSG00000221461.2,U3,0.0,651.0,-0.9875,1.0001e-06,0.0,-17675.90193946968,0.0,,,-1.0,-1.0,-1.0,0.0,,,,-1.0,5.316645758460512e-187,0.0,,651,True
skin_sun_exposed_lower_leg,excluded_at_or_below_-1,ENSG00000221461.2,U3,,,,,,,,,,,,,,,,,,,,,0,False
skin_sun_exposed_lower_leg,raw,ENSG00000221461.2,U3,0.0,754.0,-0.9875,1.0001e-06,0.0,-17675.90193946968,0.0,,,-1.0,-1.0,-1.0,0.0,,,,-1.0,6.157835486757643e-187,0.0,,754,True
small_intestine_terminal_ileum,excluded_at_or_below_-1,ENSG00000221461.2,U3,,,,,,,,,,,,,,,,,,,,,0,False
small_intestine_terminal_ileum,raw,ENSG00000221461.2,U3,0.0,207.0,-0.9875,1.0001e-06,0.0,-17675.90193946968,0.0,,,-1.0,-1.0,-1.0,0.0,,,,-1.0,1.6905463471602549e-187,0.0,,207,True
spleen,excluded_at_or_below_-1,ENSG00000221461.2,U3,,,,,,,,,,,,,,,,,,,,,0,False
spleen,raw,ENSG00000221461.2,U3,0.0,277.0,-0.9875,1.0001e-06,0.0,-17675.90193946968,0.0,,,-1.0,-1.0,-1.0,0.0,,,,-1.0,2.2622286867796648e-187,0.0,,277,True
stomach,excluded_at_or_below_-1,ENSG00000221461.2,U3,,,,,,,,,,,,,,,,,,,,,0,False
stomach,raw,ENSG00000221461.2,U3,0.0,407.0,-0.9875,1.0001e-06,0.0,-17675.90193946968,0.0,,,-1.0,-1.0,-1.0,0.0,,,,-1.0,3.3239244603585686e-187,0.0,,407,True
testis,excluded_at_or_below_-1,ENSG00000221461.2,U3,,,,,,,,,,,,,,,,,,,,,0,False
testis,raw,ENSG00000221461.2,U3,0.0,414.0,-0.9875,1.0001e-06,0.0,-17675.90193946968,0.0,,,-1.0,-1.0,-1.0,0.0,,,,-1.0,3.3810926943205097e-187,0.0,,414,True
thyroid,excluded_at_or_below_-1,ENSG00000221461.2,U3,,,,,,,,,,,,,,,,,,,,,0,False
thyroid,raw,ENSG00000221461.2,U3,0.0,684.0,-0.9875,1.0001e-06,0.0,-17675.90193946968,0.0,,,-1.0,-1.0,-1.0,0.0,,,,-1.0,5.586153147138233e-187,0.0,,684,True
uterus,excluded_at_or_below_-1,ENSG00000221461.2,U3,,,,,,,,,,,,,,,,,,,,,0,False
uterus,raw,ENSG00000221461.2,U3,0.0,153.0,-0.9875,1.0001e-06,0.0,-17675.90193946968,0.0,,,-1.0,-1.0,-1.0,0.0,,,,-1.0,1.24953425659671e-187,0.0,,153,True
vagina,excluded_at_or_below_-1,ENSG00000221461.2,U3,,,,,,,,,,,,,,,,,,,,,0,False
vagina,raw,ENSG00000221461.2,U3,0.0,170.0,-0.9875,1.0001e-06,0.0,-17675.90193946968,0.0,,,-1.0,-1.0,-1.0,0.0,,,,-1.0,1.3883713962185667e-187,0.0,,170,True
whole_blood,excluded_at_or_below_-1,ENSG00000221461.2,U3,,,,,,,,,,,,,,,,,,,,,0,False
whole_blood,raw,ENSG00000221461.2,U3,0.0,803.0,-0.9875,1.0001e-06,0.0,-17675.90193946968,0.0,,,-1.0,-1.0,-1.0,0.0,,,,-1.0,6.55801312449123e-187,0.0,,803,True
adipose_subcutaneous,excluded_at_or_below_-1,ENSG00000221633.2,U3,,,,,,,,,,-0.7504005369510719,-0.5548061965311746,,,,,,,,,,4,False
adipose_subcutaneous,raw,ENSG00000221633.2,U3,0.10256410256410256,765.0749887902837,-0.994808584186424,0.0013651890905842581,3.5897435897435894,455.803044713968,0.0,5.377841576755895,5.24656060273532e-07,-1.0,-0.5548061965311746,-0.9982252584903919,0.024346964481085375,14.482306165577276,220.06306774443524,-1.0,-0.5548061965311746,765.0236539717954,0.0,0.000401374296308904,714,True
adipose_visceral_omentum,excluded_at_or_below_-1,ENSG00000221633.2,U3,,,,,,,,,,,,,,,,,,,,,0,False
adipose_visceral_omentum,raw,ENSG00000221633.2,U3,0.0,587.0,-0.9875,1.0001e-06,0.0,-17675.90193946968,0.0,,,-1.0,-1.0,-1.0,0.0,,,,-1.0,4.793964762237051e-187,0.0,,587,True
adrenal_gland,excluded_at_or_below_-1,ENSG00000221633.2,U3,,,,,,,,,,,,,,,,,,,,,0,False
adrenal_gland,raw,ENSG00000221633.2,U3,0.0,295.0,-0.9875,1.0001e-06,0.0,-17675.90193946968,0.0,,,-1.0,-1.0,-1.0,0.0,,,,-1.0,2.409232716967513e-187,0.0,,295,True
artery_aorta,excluded_at_or_below_-1,ENSG00000221633.2,U3,,,,,,,,,,,,,,,,,,,,,0,False
artery_aorta,raw,ENSG00000221633.2,U3,0.0,472.0,-0.9875,1.0001e-06,0.0,-17675.90193946968,0.0,,,-1.0,-1.0,-1.0,0.0,,,,-1.0,3.8547723471480207e-187,0.0,,472,True
artery_coronary,excluded_at_or_below_-1,ENSG00000221633.2,U3,,,,,,,,,,,,,,,,,,,,,0,False
artery_coronary,raw,ENSG00000221633.2,U3,0.0,268.0,-0.9875,1.0001e-06,0.0,-17675.90193946968,0.0,,,-1.0,-1.0,-1.0,0.0,,,,-1.0,2.1887266716857407e-187,0.0,,268,True
artery_tibial,excluded_at_or_below_-1,ENSG00000221633.2,U3,,,,,,,,,,-0.6253822448609064,-0.5978486845738287,,,,,,,,,,2,False
artery_tibial,raw,ENSG00000221633.2,U3,0.052631593959917185,685.1916735091389,-0.9949742398660273,0.0037393693305095483,16.301729911074155,150.1911944554148,0.0,1.9007210881012313,0.16550360028269512,-1.0,-0.5978486845738287,-0.9988758768877493,0.020892789093034332,18.541940489248155,342.23744134596575,-1.0,-0.5978486845738287,679.9985171556434,0.0,112.54220277615241,691,True
bladder,excluded_at_or_below_-1,ENSG00000221633.2,U3,,,,,,,,,,-0.8218730720357708,-0.6617444681535709,,,,,,,,,,4,False
bladder,raw,ENSG00000221633.2,U3,,,,,,,,,,,,,,,,,,,,,77,False
brain_amygdala,excluded_at_or_below_-1,ENSG00000221633.2,U3,,,,,,,,,,-0.7955349637598843,-0.7889155177749498,,,,,,,,,,2,False
brain_amygdala,raw,ENSG00000221633.2,U3,0.051282047790275544,229.66885618980038,-0.9979483777946282,0.001174950009722367,1.8974359021520395,251.59973035050086,0.0,2.469408846073683,0.04754217440656368,-1.0,-0.7889155177749498,-0.9977041463068221,0.021782838400934763,9.358420759320525,85.60348910086569,-1.0,-0.7889155177749498,229.01478639528287,0.0,10.887860916486463,181,True
brain_anterior_cingulate_cortex_ba24,excluded_at_or_below_-1,ENSG00000221633.2,U3,,,,,,,,,,-0.7902010528227754,-0.7332710183645391,,,,,,,,,,2,False
brain_anterior_cingulate_cortex_ba24,raw,ENSG00000221633.2,U3,0.05128205128168181,260.8289619460436,-0.9971152607053153,0.0012882989214015887,1.8974358974374657,289.63162172520873,0.0,3.166685438202287,0.0068287490252489525,-1.0,-0.7332710183645391,-0.9979548157561687,0.022185091342713015,10.882356648163235,118.0004325813425,-1.0,-0.7332710183645391,253.79588028803104,0.0,1.733108370129036,233,True
brain_caudate_basal_ganglia,excluded_at_or_below_-1,ENSG00000221633.2,U3,,,,,,,,,,,,,,,,,,,,,0,False
brain_caudate_basal_ganglia,raw,ENSG00000221633.2,U3,0.0,300.0,-0.9875,1.0001e-06,0.0,-17675.90193946968,0.0,,,-1.0,-1.0,-1.0,0.0,,,,-1.0,2.450067169797471e-187,0.0,,300,True
brain_cerebellar_hemisphere,excluded_at_or_below_-1,ENSG00000221633.2,U3,,,,,,,,,,,,,,,,,,,,,0,False
brain_cerebellar_hemisphere,raw,ENSG00000221633.2,U3,0.0,277.0,-0.9875,1.0001e-06,0.0,-17675.90193946968,0.0,,,-1.0,-1.0,-1.0,0.0,,,,-1.0,2.2622286867796648e-187,0.0,,277,True
brain_cerebellum,excluded_at_or_below_-1,ENSG00000221633.2,U3,,,,,,,,,,-0.7324246519551261,-0.7324246519551261,,,,,,,,,,1,False
brain_cerebellum,raw,ENSG00000221633.2,U3,0.025641025641309326,274.6778343022251,-0.9968790436262298,0.0011797469489041059,0.9743589759461316,317.0128879568741,0.0,3.741225044455987,0.0009133815745094809,-1.0,-0.7324246519551261,-0.998994077638929,0.01640609721626939,16.217391084416278,261.0037735849051,-1.0,-0.7324246519551261,274.67080626718945,0.0,0.2508792535001141,266,True
brain_cortex,excluded_at_or_below_-1,ENSG00000221633.2,U3,,,,,,,,,,,,,,,,,,,,,0,False
brain_cortex,raw,ENSG00000221633.2,U3,0.0,270.0,-0.9875,1.0001e-06,0.0,-17675.90193946968,0.0,,,-1.0,-1.0,-1.0,0.0,,,,-1.0,2.2050604528177237e-187,0.0,,270,True
brain_frontal_cortex_ba9,excluded_at_or_below_-1,ENSG00000221633.2,U3,,,,,,,,,,-0.8191570622734696,-0.8010545639916645,,,,,,,,,,2,False
brain_frontal_cortex_ba9,raw,ENSG00000221633.2,U3,0.051282051282052495,292.44555923857774,-0.9973588069316447,0.0005111255797794729,1.8974358974358974,543.1466036915652,0.0,7.3078147638899855,2.5342642138816277e-12,-1.0,-0.8010545639916645,-0.9985881473095358,0.016361956397460617,11.50747982445829,130.72874234943268,-1.0,-0.8010545639916645,292.1647872037178,0.0,7.404227647667128e-10,269,True
brain_hippocampus,excluded_at_or_below_-1,ENSG00000221633.2,U3,,,,,,,,,,,,,,,,,,,,,0,False
brain_hippocampus,raw,ENSG00000221633.2,U3,0.0,255.0,-0.9875,1.0001e-06,0.0,-17675.90193946968,0.0,,,-1.0,-1.0,-1.0,0.0,,,,-1.0,2.08255709432785e-187,0.0,,255,True
brain_hypothalamus,excluded_at_or_below_-1,ENSG00000221633.2,U3,,,,,,,,,,-0.7779645868053553,-0.6787345428286802,,,,,,,,,,4,False
brain_hypothalamus,raw,ENSG00000221633.2,U3,0.10256410256410252,325.274117981168,-0.9965745644269001,0.001176807855353794,3.589743589743589,381.9601196271968,0.0,4.116472729575163,0.0002157029710930953,-1.0,-0.6787345428286802,-0.9959407779577674,0.03267028564656724,8.081104630045106,64.7991637045985,-1.0,-0.6787345428286802,315.32461454934236,0.0,0.06801645621707561,257,True
brain_nucleus_accumbens_basal_ganglia,excluded_at_or_below_-1,ENSG00000221633.2,U3,,,,,,,,,,-0.7996525925889988,-0.7996525925889988,,,,,,,,,,1,False
brain_nucleus_accumbens_basal_ganglia,raw,ENSG00000221633.2,U3,0.025641025296818536,300.2854606709214,-0.9977523996567647,0.001086393018486386,0.9743589758302419,257.87668835450893,0.0,2.9258167478160906,0.0139431790121126,-1.0,-0.7996525925889988,-0.9992970266406631,0.01186755619418502,16.79296046344304,280.0035211267605,-1.0,-0.7996525925889988,298.0605300648563,0.0,4.155911327139384,285,True
brain_putamen_basal_ganglia,excluded_at_or_below_-1,ENSG00000221633.2,U3,,,,,,,,,,-0.8345060611236568,-0.8345060611236568,,,,,,,,,,1,False
brain_putamen_basal_ganglia,raw,ENSG00000221633.2,U3,0.025641025625898206,265.55962767663067,-0.9977625230215406,0.0007660889851100744,0.9743589743891574,301.37426206155425,0.0,4.130421334775578,0.00019766657437214697,-1.0,-0.8345060611236568,-0.9993484490595419,0.010384013266314112,15.843104259240658,249.0039525691697,-1.0,-0.8345060611236568,265.22489195894906,0.0,0.05242609583174824,254,True
brain_spinal_cord_cervical_c-1,excluded_at_or_below_-1,ENSG00000221633.2,U3,,,,,,,,,,,,,,,,,,,,,0,False
brain_spinal_cord_cervical_c-1,raw,ENSG00000221633.2,U3,0.0,204.0,-0.9875,1.0001e-06,0.0,-17675.90193946968,0.0,,,-1.0,-1.0,-1.0,0.0,,,,-1.0,1.6660456754622802e-187,0.0,,204,True
brain_substantia_nigra,excluded_at_or_below_-1,ENSG00000221633.2,U3,,,,,,,,,,-0.486657826805065,-0.486657826805065,,,,,,,,,,1,False
brain_substantia_nigra,raw,ENSG00000221633.2,U3,0.025641025641025595,208.02640523530263,-0.9944333732759373,0.002324178296543123,0.9743589770192772,308.9707297966732,0.0,3.387175167046044,0.003335617976861253,-1.0,-0.486657826805065,-0.997194851512596,0.03794734537037423,13.416612631565922,178.00549450549457,-1.0,-0.486657826805065,201.19700051481817,0.0,0.6711163318077781,183,True
breast_mammary_tissue,excluded_at_or_below_-1,ENSG00000221633.2,U3,,,,,,,,,,,,,,,,,,,,,0,False
breast_mammary_tissue,raw,ENSG00000221633.2,U3,0.0,514.0,-0.9875,1.0001e-06,0.0,-17675.90193946968,0.0,,,-1.0,-1.0,-1.0,0.0,,,,-1.0,4.1977817509196667e-187,0.0,,514,True
cells_cultured_fibroblasts,excluded_at_or_below_-1,ENSG00000221633.2,U3,,,,,,,,,,-0.7534289536662175,-0.7534289536662175,,,,,,,,,,1,False
cells_cultured_fibroblasts,raw,ENSG00000221633.2,U3,2.329996452778493,615.4943876584243,-0.9969642522436888,0.003084086112410427,1481.4305017447462,111.673575124548,0.0,1.3920479170938647,0.38045166272190367,-1.0,-0.7534289536662175,-0.9996218235485679,0.009656467435269997,25.47550855426267,647.0015360983108,-1.0,-0.7534289536662175,613.9560043676804,0.0,233.58058269978036,652,True
cells_ebv-transformed_lymphocytes,excluded_at_or_below_-1,ENSG00000221633.2,U3,,,,,,,,,,-0.6819053291125443,-0.5490595796384861,,,,,,,,,,2,False
cells_ebv-transformed_lymphocytes,raw,ENSG00000221633.2,U3,0.052640434743895154,305.9754844080302,-0.9943830579477684,0.005244609190721617,371.09577776829076,120.08187450502767,0.0,1.5146134517292376,0.3189743283829515,-1.0,-0.5490595796384861,-0.9976482107301256,0.030472902268403927,13.217584984035165,176.95851956815815,-1.0,-0.5490595796384861,304.63754201319534,0.0,97.17155536389215,327,True
cervix_ectocervix,excluded_at_or_below_-1,ENSG00000221633.2,U3,,,,,,,,,,,,,,,,,,,,,0,False
cervix_ectocervix,raw,ENSG00000221633.2,U3,0.0,24.0,-0.9875,1.0001e-06,0.0,-17675.90193946968,0.0,,,-1.0,-1.0,-1.0,0.0,,,,-1.0,1.9600537358379766e-188,0.0,,24,True
cervix_endocervix,excluded_at_or_below_-1,ENSG00000221633.2,U3,,,,,,,,,,,,,,,,,,,,,0,False
cervix_endocervix,raw,ENSG00000221633.2,U3,0.0,23.0,-0.9875,1.0001e-06,0.0,-17675.90193946968,0.0,,,-1.0,-1.0,-1.0,0.0,,,,-1.0,1.878384830178061e-188,0.0,,23,True
colon_sigmoid,excluded_at_or_below_-1,ENSG00000221633.2,U3,,,,,,,,,,-0.8027422533378432,-0.6676174433097681,,,,,,,,,,3,False
colon_sigmoid,raw,ENSG00000221633.2,U3,-0.3627654042597997,385.00433686759715,-0.9958683605850537,0.004056587313839472,1022.4010279173773,114.43532781567234,0.0,1.4403783385898068,0.3557146673957971,-1.0,-0.6676174433097681,-0.9980164417879659,0.023892940084528143,12.357622019450744,154.5834599687748,-1.0,-0.6676174433097681,383.5753515174618,0.0,136.44337858625943,419,True
colon_transverse,excluded_at_or_below_-1,ENSG00000221633.2,U3,,,,,,,,,,-0.8590747921647747,-0.5474361921335433,,,,,,,,,,5,False
colon_transverse,raw,ENSG00000221633.2,U3,-0.3698265787018542,437.17453095784725,-0.9943659598625724,0.005428178832429968,1425.0601236851116,116.43944653675052,0.0,1.4678469923839654,0.3418987949016993,-1.0,-0.5474361921335433,-0.9969349394565659,0.032539059099436135,11.79959968750591,146.7456655307405,-1.0,-0.5474361921335433,435.40890899906054,0.0,148.86578127624242,479,True
esophagus_gastroesophageal_junction,excluded_at_or_below_-1,ENSG00000221633.2,U3,,,,,,,,,,-0.8550882729400398,-0.8550882729400398,,,,,,,,,,1,False
esophagus_gastroesophageal_junction,raw,ENSG00000221633.2,U3,0.025641025641025654,413.6356745752863,-0.9982440402027786,0.00032782026165445195,0.9743589743589743,617.5726496377841,0.0,7.575194247237964,3.5900695536841627e-13,-1.0,-0.8550882729400398,-0.9996404175507198,0.0072185672917593965,20.00006218895808,398.0024875621901,-1.0,-0.8550882729400398,398.8702876714189,0.0,1.431972075638388e-10,403,True
esophagus_mucosa,excluded_at_or_below_-1,ENSG00000221633.2,U3,,,,,,,,,,-0.8910219810244073,-0.7208211360345194,,,,,,,,,,3,False
esophagus_mucosa,raw,ENSG00000221633.2,U3,0.07692307401724763,649.0454917066575,-0.9968426491418446,0.0013509802745188294,2.7692307834146135,288.9408340785377,0.0,3.3051321984431667,0.004271078760394046,-1.0,-0.7208211360345194,-0.998946112377771,0.01596181696321884,16.026074508717947,262.3509292947185,-1.0,-0.7208211360345194,645.1237967266985,0.0,2.755374546024167,614,True
esophagus_muscularis,excluded_at_or_below_-1,ENSG00000221633.2,U3,,,,,,,,,,-0.6931276753708735,-0.6931276753708735,,,,,,,,,,1,False
esophagus_muscularis,raw,ENSG00000221633.2,U3,1.9476400635583258,524.5495025730461,-0.9962043840037393,0.0037796707377588147,1369.8533825224995,113.40014025723006,0.0,1.4201796907460664,0.3659040942048449,-1.0,-0.6931276753708735,-0.9994529905086825,0.012956159700883674,23.622061419662046,556.001785714286,-1.0,-0.6931276753708735,522.9409986910704,0.0,191.34625244863244,561,True
fallopian_tube,excluded_at_or_below_-1,ENSG00000221633.2,U3,,,,,,,,,,,,,,,,,,,,,0,False
fallopian_tube,raw,ENSG00000221633.2,U3,0.0,29.0,-0.9875,1.0001e-06,0.0,-17675.90193946968,0.0,,,-1.0,-1.0,-1.0,0.0,,,,-1.0,2.368398264137555e-188,0.0,,29,True
heart_atrial_appendage,excluded_at_or_below_-1,ENSG00000221633.2,U3,,,,,,,,,,,,,,,,,,,,,0,False
heart_atrial_appendage,raw,ENSG00000221633.2,U3,0.0,461.0,-0.9875,1.0001e-06,0.0,-17675.90193946968,0.0,,,-1.0,-1.0,-1.0,0.0,,,,-1.0,3.7649365509221136e-187,0.0,,461,True
heart_left_ventricle,excluded_at_or_below_-1,ENSG00000221633.2,U3,,,,,,,,,,,,,,,,,,,,,0,False
heart_left_ventricle,raw,ENSG00000221633.2,U3,0.0,452.0,-0.9875,1.0001e-06,0.0,-17675.90193946968,0.0,,,-1.0,-1.0,-1.0,0.0,,,,-1.0,3.6914345358281893e-187,0.0,,452,True
kidney_cortex,excluded_at_or_below_-1,ENSG00000221633.2,U3,,,,,,,,,,,,,,,,,,,,,0,False
kidney_cortex,raw,ENSG00000221633.2,U3,0.0,104.0,-0.9875,1.0001e-06,0.0,-17675.90193946968,0.0,,,-1.0,-1.0,-1.0,0.0,,,,-1.0,8.493566188631232e-188,0.0,,104,True
kidney_medulla,excluded_at_or_below_-1,ENSG00000221633.2,U3,,,,,,,,,,,,,,,,,,,,,0,False
kidney_medulla,raw,ENSG00000221633.2,U3,0.0,11.0,-0.9875,1.0001e-06,0.0,-17675.90193946968,0.0,,,-1.0,-1.0,-1.0,0.0,,,,-1.0,8.983579622590726e-189,0.0,,11,True
liver,excluded_at_or_below_-1,ENSG00000221633.2,U3,,,,,,,,,,,,,,,,,,,,,0,False
liver,raw,ENSG00000221633.2,U3,0.0,262.0,-0.9875,1.0001e-06,0.0,-17675.90193946968,0.0,,,-1.0,-1.0,-1.0,0.0,,,,-1.0,2.1397253282897912e-187,0.0,,262,True
lung,excluded_at_or_below_-1,ENSG00000221633.2,U3,,,,,,,,,,-0.8280937759810755,-0.6328515068008234,,,,,,,,,,3,False
lung,raw,ENSG00000221633.2,U3,0.07894736793461157,620.09405827511,-0.9956813021265889,0.0015272280131869765,4.769390581646143,335.98049076639836,0.0,3.999115424569252,0.00033676594332612814,-1.0,-0.6328515068008234,-0.9985109050087991,0.02203829081353536,15.515048089050143,245.6297677546672,-1.0,-0.6328515068008234,619.883454039521,0.0,0.20875563615187726,604,True
minor_salivary_gland,excluded_at_or_below_-1,ENSG00000221633.2,U3,,,,,,,,,,,,,,,,,,,,,0,False
minor_salivary_gland,raw,ENSG00000221633.2,U3,0.0,181.0,-0.9875,1.0001e-06,0.0,-17675.90193946968,0.0,,,-1.0,-1.0,-1.0,0.0,,,,-1.0,1.478207192444474e-187,0.0,,181,True
muscle_skeletal,excluded_at_or_below_-1,ENSG00000221633.2,U3,,,,,,,,,,-0.7793629633235788,-0.7793629633235788,,,,,,,,,,1,False
muscle_skeletal,raw,ENSG00000221633.2,U3,2.6095120724806367,783.0603134071376,-0.9972544348047908,0.0025152096039507323,1315.7642616137894,122.51268188947184,0.0,1.5437343787752464,0.30509241535976306,-1.0,-0.7793629633235788,-0.9997302725713002,0.007714393079087326,28.548226284485857,813.0012239902087,-1.0,-0.7793629633235788,779.6088757905558,0.0,237.85275495085014,818,True
nerve_tibial,excluded_at_or_below_-1,ENSG00000221633.2,U3,,,,,,,,,,-0.696024081169371,-0.6257862350216774,,,,,,,,,,2,False
nerve_tibial,raw,ENSG00000221633.2,U3,-0.033063721742003754,647.538092876308,-0.9953753776011303,0.004498743281442359,491.9949692876131,116.18310831333501,0.0,1.4537846034279664,0.34867348808732407,-1.0,-0.6257862350216774,-0.9989877765913299,0.018612194503529918,18.5112644935221,344.09279879353426,-1.0,-0.6257862350216774,645.5173865082492,0.0,225.0747987748452,670,True
ovary,excluded_at_or_below_-1,ENSG00000221633.2,U3,,,,,,,,,,,,,,,,,,,,,0,False
ovary,raw,ENSG00000221633.2,U3,0.0,193.0,-0.9875,1.0001e-06,0.0,-17675.90193946968,0.0,,,-1.0,-1.0,-1.0,0.0,,,,-1.0,1.576209879236373e-187,0.0,,193,True
pancreas,excluded_at_or_below_-1,ENSG00000221633.2,U3,,,,,,,,,,-0.9081850933114414,-0.8348276820628333,,,,,,,,,,3,False
pancreas,raw,ENSG00000221633.2,U3,0.07692307692307697,394.9255026857753,-0.9980660698520454,0.00042281528182854916,2.769230769230769,545.9924270311337,0.0,6.468522689369074,8.207388039418945e-10,-1.0,-0.8348276820628333,-0.9988634661255298,0.012794495496186272,11.604132608012042,136.31085986617262,-1.0,-0.8348276820628333,394.8952167915467,0.0,3.2410582791186915e-07,362,True
pituitary,excluded_at_or_below_-1,ENSG00000221633.2,U3,,,,,,,,,,-0.807241494619072,-0.516138315136812,,,,,,,,,,5,False
pituitary,raw,ENSG00000221633.2,U3,0.12820512636138287,337.15822204795285,-0.9947028828202843,0.002491845902911134,4.358974359624326,271.60287130857944,0.0,3.0063074720156857,0.011127059070859336,-1.0,-0.516138315136812,-0.9949629491496775,0.04166909893791788,8.894917844740084,82.93254915900174,-1.0,-0.516138315136812,330.29473647574355,0.0,3.675209043559467,313,True
prostate,excluded_at_or_below_-1,ENSG00000221633.2,U3,,,,,,,,,,-0.4645999425842173,-0.4645999425842173,,,,,,,,,,1,False
prostate,raw,ENSG00000221633.2,U3,0.025641025641025633,296.9134520850381,-0.9938470134540752,0.0022967997782419223,0.974358975165724,325.8744591325677,0.0,3.7885918941557577,0.0007657362240394742,-1.0,-0.4645999425842173,-0.9981014182361141,0.03188260945081175,16.703399615613012,277.003558718861,-1.0,-0.4645999425842173,296.30793115958846,0.0,0.22689371635909172,282,True
skin_not_sun_exposed_suprapubic,excluded_at_or_below_-1,ENSG00000221633.2,U3,,,,,,,,,,-0.7090932055963881,-0.7090932055963881,,,,,,,,,,1,False
skin_not_sun_exposed_suprapubic,raw,ENSG00000221633.2,U3,2.2438813335039995,614.4697000599529,-0.9963649462122123,0.003010340755277409,1312.106694337292,134.95601484755716,0.0,1.7076945052259433,0.23410359164664205,-1.0,-0.7090932055963881,-0.9995531385646643,0.011401536198957457,25.45587434093629,646.0015384615393,-1.0,-0.7090932055963881,610.7214236895591,0.0,142.97207878127722,651,True
skin_sun_exposed_lower_leg,excluded_at_or_below_-1,ENSG00000221633.2,U3,,,,,,,,,,-0.7488165836983866,-0.720012932794679,,,,,,,,,,3,False
skin_sun_exposed_lower_leg,raw,ENSG00000221633.2,U3,0.07692307691875214,798.8038861295684,-0.9968226528330406,0.0012971192028937064,4.769230790102285,301.798060965897,0.0,3.464174646291116,0.002491347328720521,-1.0,-0.720012932794679,-0.9989618311590543,0.016458737852797004,15.82381175058614,249.10983514004985,-1.0,-0.720012932794679,794.5644440975443,0.0,1.9795360052987223,754,True
small_intestine_terminal_ileum,excluded_at_or_below_-1,ENSG00000221633.2,U3,,,,,,,,,,-0.8535089964181286,-0.5660000902749729,,,,,,,,,,6,False
small_intestine_terminal_ileum,raw,ENSG00000221633.2,U3,0.15384819241313455,232.97254708113616,-0.9958398781374308,0.00328366115951205,5.077011025388248,185.12423423523805,0.0,1.7916893593383207,0.20152779261251785,-1.0,-0.5660000902749729,-0.9921809437927591,0.04957197511102345,7.067484826321676,52.371429284109176,-1.0,-0.5660000902749729,232.21721873268515,0.0,46.79822349781627,207,True
spleen,excluded_at_or_below_-1,ENSG00000221633.2,U3,,,,,,,,,,,,,,,,,,,,,0,False
spleen,raw,ENSG00000221633.2,U3,0.0,277.0,-0.9875,1.0001e-06,0.0,-17675.90193946968,0.0,,,-1.0,-1.0,-1.0,0.0,,,,-1.0,2.2622286867796648e-187,0.0,,277,True
stomach,excluded_at_or_below_-1,ENSG00000221633.2,U3,,,,,,,,,,,,,,,,,,,,,0,False
stomach,raw,ENSG00000221633.2,U3,0.0,407.0,-0.9875,1.0001e-06,0.0,-17675.90193946968,0.0,,,-1.0,-1.0,-1.0,0.0,,,,-1.0,3.3239244603585686e-187,0.0,,407,True
testis,excluded_at_or_below_-1,ENSG00000221633.2,U3,0.45596563347314517,10.981328606407287,-0.7734285659693955,0.18363324899621317,79.94792030494096,9.845018525090499,0.0,0.5037810240863906,0.8808271517119607,-0.8388436833865889,0.5049305067272396,-0.6285595925828228,0.22579030227344907,2.395195089518149,7.11027456552808,-0.8388436833865889,0.5049305067272396,10.981286962429666,0.0,9.672615717248613,92,True
testis,raw,ENSG00000221633.2,U3,2.358974402844349,339.2510658331128,-0.9831115584570082,0.007881536877180129,636.9743589929933,267.0049386000148,0.0,3.0303560650203516,0.010217258323723992,-1.0,0.5049305067272396,-0.9174576872406274,0.18744923383762502,3.1481982208968646,13.175321808764448,-1.0,0.5049305067272396,336.5977159279355,0.0,3.4391058148111826,414,True
thyroid,excluded_at_or_below_-1,ENSG00000221633.2,U3,,,,,,,,,,-0.7124355077342401,-0.7124355077342401,,,,,,,,,,1,False
thyroid,raw,ENSG00000221633.2,U3,2.446012043058351,647.6315744366171,-0.9965675523054732,0.003967010887768083,1924.3504389609084,101.29122462870481,0.0,1.2236452631636723,0.4731583754518741,-1.0,-0.7124355077342401,-0.9995795840756347,0.010995303171377462,26.096004754154258,679.0014641288425,-1.0,-0.7124355077342401,647.4187003425898,0.0,306.3315804912635,684,True
uterus,excluded_at_or_below_-1,ENSG00000221633.2,U3,,,,,,,,,,,,,,,,,,,,,0,False
uterus,raw,ENSG00000221633.2,U3,0.0,153.0,-0.9875,1.0001e-06,0.0,-17675.90193946968,0.0,,,-1.0,-1.0,-1.0,0.0,,,,-1.0,1.24953425659671e-187,0.0,,153,True
vagina,excluded_at_or_below_-1,ENSG00000221633.2,U3,,,,,,,,,,,,,,,,,,,,,0,False
vagina,raw,ENSG00000221633.2,U3,0.0,170.0,-0.9875,1.0001e-06,0.0,-17675.90193946968,0.0,,,-1.0,-1.0,-1.0,0.0,,,,-1.0,1.3883713962185667e-187,0.0,,170,True
whole_blood,excluded_at_or_below_-1,ENSG00000221633.2,U3,,,,,,,,,,-0.6009919194168082,-0.6009919194168082,,,,,,,,,,1,False
whole_blood,raw,ENSG00000221633.2,U3,2.7272155510562786,767.7899293328801,-0.9950578971774574,0.004726988809645947,1401.7135653976247,117.89607986414211,0.0,1.4785710564873646,0.33635215994800827,-1.0,-0.6009919194168082,-0.9995031032620384,0.014080689388738058,28.284293289435297,798.001246882794,-1.0,-0.6009919194168082,765.1153099893589,0.0,257.34818712421077,803,True
adipose_subcutaneous,excluded_at_or_below_-1,ENSG00000221638.2,U3,,,,,,,,,,-0.8862035021411597,-0.7023272761671971,,,,,,,,,,8,False
adipose_subcutaneous,raw,ENSG00000221638.2,U3,0.2105263112555954,777.3969924613509,-0.9965934921929758,0.0010113904901856618,8.36011080182454,411.46844635198534,0.0,4.763273520734241,1.1896100193436902e-05,-1.0,-0.7023272761671971,-0.9975329341400869,0.023926226032158167,10.070683233301448,103.52635034068005,-1.0,-0.7023272761671971,773.4521136435403,0.0,0.009201063838729096,714,True
adipose_visceral_omentum,excluded_at_or_below_-1,ENSG00000221638.2,U3,,,,,,,,,,-0.8960176827582217,-0.682662354054367,,,,,,,,,,8,False
adipose_visceral_omentum,raw,ENSG00000221638.2,U3,0.20512820512820515,590.5905310812713,-0.9961897814474595,0.001101831829443561,6.3589743589743595,402.4159841336015,0.0,4.890458424431002,6.460774093308897e-06,-1.0,-0.682662354054367,-0.9967838386874764,0.028590233164368584,9.263534072766037,86.86825915001987,-1.0,-0.682662354054367,585.5739952191279,0.0,0.0037832612980271962,587,True
adrenal_gland,excluded_at_or_below_-1,ENSG00000221638.2,U3,0.04233483862507345,0.8671665516924248,-0.8465770396979385,0.16818962328714973,11.549941598234705,3.4419519389630775,0.0,-0.1955788232605794,1.0,-0.8233172368772506,-0.4372324998144,-0.7179133294904761,0.10181342899923106,1.6361260021725486,2.5250094077272234,-0.8233172368772506,-0.4372324998144,0.8484187755523718,0.0,0.8484187755523717,13,True
adrenal_gland,raw,ENSG00000221638.2,U3,0.33333293422855353,336.1766480405404,-0.9942129058034522,0.0029659296735441913,16.666666675229102,265.5792047774777,0.0,2.7594002556739308,0.022268407740117326,-1.0,-0.4372324998144,-0.9875690619775463,0.061535163134614865,5.481906625136298,32.957531603384886,-1.0,-0.4372324998144,335.31761018082614,0.0,7.466989265948351,295,True
artery_aorta,excluded_at_or_below_-1,ENSG00000221638.2,U3,,,,,,,,,,-0.7255975803262382,-0.6705365132166642,,,,,,,,,,2,False
artery_aorta,raw,ENSG00000221638.2,U3,0.05263157885353083,476.9276347969087,-0.9960700116269888,0.001550792129232901,1.8975069252279226,296.8636993833373,0.0,3.583873526512005,0.001629593302236291,-1.0,-0.6705365132166642,-0.9987206230795399,0.019715077966899416,15.454500119354389,238.7396947248667,-1.0,-0.6705365132166642,475.6654859012174,0.0,0.7751412899295947,472,True
artery_coronary,excluded_at_or_below_-1,ENSG00000221638.2,U3,,,,,,,,,,,,,,,,,,,,,0,False
artery_coronary,raw,ENSG00000221638.2,U3,0.0,268.0,-0.9875,1.0001e-06,0.0,-17675.90193946968,0.0,,,-1.0,-1.0,-1.0,0.0,,,,-1.0,2.1887266716857407e-187,0.0,,268,True
artery_tibial,excluded_at_or_below_-1,ENSG00000221638.2,U3,,,,,,,,,,-0.6155854198880337,-0.6155854198880337,,,,,,,,,,1,False
artery_tibial,raw,ENSG00000221638.2,U3,2.4110937182240537,654.7017054582905,-0.9952336022632405,0.004573370913221555,1402.669341708308,117.39778352399333,0.0,1.4739028281092643,0.3387125767382454,-1.0,-0.6155854198880337,-0.99944368367567,0.014623819823381094,26.22978172374606,686.0014492753622,-1.0,-0.6155854198880337,652.3546361298297,0.0,220.96071975067446,691,True
bladder,excluded_at_or_below_-1,ENSG00000221638.2,U3,,,,,,,,,,-0.8049460105433878,-0.8049460105433878,,,,,,,,,,1,False
bladder,raw,ENSG00000221638.2,U3,0.025641025641026032,86.36469454744119,-0.9978537504733717,0.0008153717603136944,0.9743589756742655,334.58693981597673,0.0,3.7225414670081327,0.0010057930910957428,-1.0,-0.8049460105433878,-0.9974668313057583,0.02222846507922767,8.60309002014607,72.01315789473692,-1.0,-0.8049460105433878,84.09107022419667,0.0,0.08457821745434718,77,True
brain_amygdala,excluded_at_or_below_-1,ENSG00000221638.2,U3,,,,,,,,,,-0.797280135591216,-0.797280135591216,,,,,,,,,,1,False
brain_amygdala,raw,ENSG00000221638.2,U3,0.025641025659864168,200.61261853301812,-0.9977988276463373,0.0010101336588782305,0.9743589777641786,280.7314173933999,0.0,3.081698910149852,0.00890781910985367,-1.0,-0.797280135591216,-0.9988800007491228,0.01506804885430684,13.341872265748744,176.00555555555567,-1.0,-0.797280135591216,195.14981143491315,0.0,1.73835921958432,181,True
brain_anterior_cingulate_cortex_ba24,excluded_at_or_below_-1,ENSG00000221638.2,U3,,,,,,,,,,-0.8480165273409277,-0.8480165273409277,,,,,,,,,,1,False
brain_anterior_cingulate_cortex_ba24,raw,ENSG00000221638.2,U3,-0.180510210863067,220.87970422051387,-0.9981678011396897,0.0020717966544747815,179.18296187704885,102.49363389750081,0.0,1.2506635106390058,0.4577892100712867,-1.0,-0.8480165273409277,-0.9993477104177722,0.009956768345518197,15.165892995297947,228.00431034482733,-1.0,-0.8480165273409277,220.71782173039443,0.0,101.04223725861205,233,True
brain_caudate_basal_ganglia,excluded_at_or_below_-1,ENSG00000221638.2,U3,,,,,,,,,,-0.8707618309579443,-0.7595659853757,,,,,,,,,,5,False
brain_caudate_basal_ganglia,raw,ENSG00000221638.2,U3,0.12820512807534867,392.7243481732668,-0.9977142484654449,0.0013443806708933193,4.358974360423428,250.5187041207012,0.0,2.4044832616011984,0.05599722664946231,-1.0,-0.7595659853757,-0.9969785886651401,0.023964805214499934,8.21850797316147,68.51108570939552,-1.0,-0.7595659853757,389.47169693979805,0.0,21.80933488708889,300,True
brain_cerebellar_hemisphere,excluded_at_or_below_-1,ENSG00000221638.2,U3,,,,,,,,,,-0.7835016761648437,-0.511276262668787,,,,,,,,,,8,False
brain_cerebellar_hemisphere,raw,ENSG00000221638.2,U3,0.20512820472580146,313.0227953987246,-0.9948831097344734,0.0025420899013768707,6.358974359704977,269.0398013092896,0.0,2.846624585056339,0.01752645163609953,-1.0,-0.511276262668787,-0.9909809044233052,0.054912265188299905,6.490708009870398,43.66161682123531,-1.0,-0.511276262668787,310.6554032428265,0.0,5.444686900428392,277,True
brain_cerebellum,excluded_at_or_below_-1,ENSG00000221638.2,U3,,,,,,,,,,-0.451484460810474,-0.3822915265045916,,,,,,,,,,4,False
brain_cerebellum,raw,ENSG00000221638.2,U3,0.1025641024763659,301.98890073872974,-0.9935473355707376,0.0033615849240626232,3.589743591026048,257.154370568738,0.0,2.7146259146941008,0.025264123840377038,-1.0,-0.3822915265045916,-0.9913311008236881,0.07036093682260121,7.994456432306087,62.05224608651882,-1.0,-0.3822915265045916,300.11425598810007,0.0,7.582123729545975,266,True
brain_cortex,excluded_at_or_below_-1,ENSG00000221638.2,U3,,,,,,,,,,,,,,,,,,,,,0,False
brain_cortex,raw,ENSG00000221638.2,U3,0.0,270.0,-0.9875,1.0001e-06,0.0,-17675.90193946968,0.0,,,-1.0,-1.0,-1.0,0.0,,,,-1.0,2.2050604528177237e-187,0.0,,270,True
brain_frontal_cortex_ba9,excluded_at_or_below_-1,ENSG00000221638.2,U3,,,,,,,,,,-0.6251430202756714,-0.6251430202756714,,,,,,,,,,1,False
brain_frontal_cortex_ba9,raw,ENSG00000221638.2,U3,0.02564102565338609,281.26351768673385,-0.9957061686735003,0.0017812615379269243,0.9743589754039225,294.20465160315086,0.0,3.4090414951335664,0.0030022077947776493,-1.0,-0.6251430202756714,-0.9986064796292776,0.022855433431753804,16.309620821566757,264.00373134328436,-1.0,-0.6251430202756714,280.59641372947044,0.0,0.8424087404852653,269,True
brain_hippocampus,excluded_at_or_below_-1,ENSG00000221638.2,U3,,,,,,,,,,,,,,,,,,,,,0,False
brain_hippocampus,raw,ENSG00000221638.2,U3,0.0,255.0,-0.9875,1.0001e-06,0.0,-17675.90193946968,0.0,,,-1.0,-1.0,-1.0,0.0,,,,-1.0,2.08255709432785e-187,0.0,,255,True
brain_hypothalamus,excluded_at_or_below_-1,ENSG00000221638.2,U3,,,,,,,,,,-0.9527198816510476,-0.8477620549186979,,,,,,,,,,2,False
brain_hypothalamus,raw,ENSG00000221638.2,U3,-0.15684539136213396,242.11518663982284,-0.998180472184828,0.002122855983811355,252.09880926243997,100.20640465046256,0.0,1.212141065128467,0.4798509009415519,-1.0,-0.8477620549186979,-0.9992236651228397,0.009932763942661722,14.278453954421742,210.9072511469633,-1.0,-0.8477620549186979,242.02728222085986,0.0,116.13700942611486,257,True
brain_nucleus_accumbens_basal_ganglia,excluded_at_or_below_-1,ENSG00000221638.2,U3,,,,,,,,,,-0.8495417055571761,-0.609836410377342,,,,,,,,,,5,False
brain_nucleus_accumbens_basal_ganglia,raw,ENSG00000221638.2,U3,0.12820512820649177,283.33046681035165,-0.9953239979399559,0.0018140441383576484,4.3589743590378465,300.52288306011053,0.0,3.645371902023271,0.0013067081105702953,-1.0,-0.609836410377342,-0.9956729334094354,0.03482972261673037,8.883908008977007,83.32794447956348,-1.0,-0.609836410377342,282.16443072121143,0.0,0.36870655013786,285,True
brain_putamen_basal_ganglia,excluded_at_or_below_-1,ENSG00000221638.2,U3,,,,,,,,,,,,,,,,,,,,,0,False
brain_putamen_basal_ganglia,raw,ENSG00000221638.2,U3,0.0,254.0,-0.9875,1.0001e-06,0.0,-17675.90193946968,0.0,,,-1.0,-1.0,-1.0,0.0,,,,-1.0,2.0743902037618585e-187,0.0,,254,True
brain_spinal_cord_cervical_c-1,excluded_at_or_below_-1,ENSG00000221638.2,U3,,,,,,,,,,-0.4517143112957942,-0.4517143112957942,,,,,,,,,,1,False
brain_spinal_cord_cervical_c-1,raw,ENSG00000221638.2,U3,-0.11670919071417897,192.83124225869554,-0.9931522346828993,0.00600979512562322,108.42954394827203,127.41014268065656,0.0,1.6114031145758725,0.2744628133418276,-1.0,-0.4517143112957942,-0.9973123250553716,0.03838767651250403,14.177620608140652,199.00492610837446,-1.0,-0.4517143112957942,191.7984177348143,0.0,52.64153332600807,204,True
brain_substantia_nigra,excluded_at_or_below_-1,ENSG00000221638.2,U3,,,,,,,,,,-0.846585054899661,-0.7728676702932954,,,,,,,,,,3,False
brain_substantia_nigra,raw,ENSG00000221638.2,U3,0.07692307681630589,222.52711196728995,-0.9977416264641925,0.0012598319615029147,2.769230769928501,252.4303306783822,0.0,2.5351178417743596,0.04022628487648655,-1.0,-0.7728676702932954,-0.9969002834839966,0.024385202987952777,7.912456145308761,62.09046912711315,-1.0,-0.7728676702932954,222.48781904817523,0.0,8.94985839058011,183,True
breast_mammary_tissue,excluded_at_or_below_-1,ENSG00000221638.2,U3,0.17739968437571943,1.2361838673891576,-0.7404968868046178,0.11289735167989864,19.090599043818443,4.464695426038143,0.0,1.9077759809044064,0.16201906590317527,-0.8927955647222648,-0.3840780947155026,-0.712200005115704,0.1143273676566571,0.9292197917424643,1.0015794740712494,-0.8927955647222648,-0.3840780947155026,1.2361183555719673,0.0,0.20027474131553918,26,True
breast_mammary_tissue,raw,ENSG00000221638.2,U3,0.6666666276693685,575.2854227801035,-0.9936216900809178,0.003242365472576125,28.66666666998302,265.862940718565,0.0,2.7820097607374623,0.0209494728894564,-1.0,-0.3840780947155026,-0.9854420236050745,0.06798956482383406,5.157991735802875,28.531573450356305,-1.0,-0.3840780947155026,572.9044472028129,0.0,12.002046184924335,514,True
cells_cultured_fibroblasts,excluded_at_or_below_-1,ENSG00000221638.2,U3,,,,,,,,,,-0.8015976285727435,-0.3911652147531446,,,,,,,,,,3,False
cells_cultured_fibroblasts,raw,ENSG00000221638.2,U3,2.02154470321792,598.9462398772853,-0.9924292144526863,0.007244005269128628,2537.814077395057,117.38198294326584,0.0,1.4780093609894707,0.33678995170394005,-1.0,-0.3911652147531446,-0.9981955978194434,0.0289141301810474,17.862599848125086,339.27913270503296,-1.0,-0.3911652147531446,596.5791004541961,0.0,200.9218464295491,652,True
cells_ebv-transformed_lymphocytes,excluded_at_or_below_-1,ENSG00000221638.2,U3,,,,,,,,,,-0.663906317579278,-0.5749457379632686,,,,,,,,,,2,False
cells_ebv-transformed_lymphocytes,raw,ENSG00000221638.2,U3,-0.2575662363411838,303.6471147059086,-0.994707646064729,0.005039132137912089,483.27218702725725,117.8046074518418,0.0,1.485279311457034,0.33324914155736357,-1.0,-0.5749457379632686,-0.9976723304450843,0.02992108168614139,12.927291495773389,167.2262700895155,-1.0,-0.5749457379632686,302.385834504076,0.0,100.76981976759033,327,True
cervix_ectocervix,excluded_at_or_below_-1,ENSG00000221638.2,U3,,,,,,,,,,-0.5768596787766928,-0.5768596787766928,,,,,,,,,,1,False
cervix_ectocervix,raw,ENSG00000221638.2,U3,0.025641025641025626,33.87828562559313,-0.9949902124611834,0.0004484278982548537,0.9743589743589752,1318.6643245885662,0.0,15.799439574512226,0.0,-1.0,-0.5768596787766928,-0.9823691532823622,0.0863731563828725,4.587317109255644,19.04347826086957,-1.0,-0.5768596787766928,33.17585374498318,0.0,0.0,24,True
cervix_endocervix,excluded_at_or_below_-1,ENSG00000221638.2,U3,,,,,,,,,,-0.8047166628880501,-0.4831507523449855,,,,,,,,,,4,False
cervix_endocervix,raw,ENSG00000221638.2,U3,0.10338284246250466,29.737200412107153,-0.9935595339835728,2.9923853443504206e-05,3.5897697328247387,24122.127944197313,,304.3790601912464,,-1.0,-0.4831507523449855,-0.9396051577637643,0.14529622695161884,2.2425495873892944,3.665907853266578,-1.0,-0.4831507523449855,0.0,0.0,0.0,23,True
colon_sigmoid,excluded_at_or_below_-1,ENSG00000221638.2,U3,,,,,,,,,,-0.7214822976456069,-0.4976133822678794,,,,,,,,,,2,False
colon_sigmoid,raw,ENSG00000221638.2,U3,0.05128205128229573,461.2906915582366,-0.9940549427511601,0.0010530593871165303,1.8974358974358976,666.6997097699564,0.0,7.983956739055069,1.4468073804188126e-14,-1.0,-0.4976133822678794,-0.998136266539173,0.028034028651201123,15.933607457872235,263.42137849282665,-1.0,-0.4976133822678794,459.01258834966,0.0,6.641028005294203e-12,419,True
colon_transverse,excluded_at_or_below_-1,ENSG00000221638.2,U3,,,,,,,,,,-0.8864195081865526,-0.7425705177690417,,,,,,,,,,9,False
colon_transverse,raw,ENSG00000221638.2,U3,0.2307692308964542,476.06895291674425,-0.9969185017742446,0.0011815388962158745,12.923076924476383,304.4354863766526,0.0,3.6883225742709866,0.0011159717004898936,-1.0,-0.7425705177690417,-0.9968431950436729,0.02343644303286968,7.706548548955121,61.03624678996026,-1.0,-0.7425705177690417,474.24817953988054,0.0,0.5292475473753566,479,True
esophagus_gastroesophageal_junction,excluded_at_or_below_-1,ENSG00000221638.2,U3,,,,,,,,,,-0.6970493141454591,-0.6970493141454591,,,,,,,,,,1,False
esophagus_gastroesophageal_junction,raw,ENSG00000221638.2,U3,0.02564102564102565,413.6267733192038,-0.9963394293726464,0.0007472209517177238,0.9743589743589745,566.4457602072016,0.0,6.9281095709744465,3.876688402637094e-11,-1.0,-0.6970493141454591,-0.999248261325423,0.015091048573458807,20.000062188958033,398.002487562189,-1.0,-0.6970493141454591,403.0528432211353,0.0,1.5625102829652793e-08,403,True
esophagus_mucosa,excluded_at_or_below_-1,ENSG00000221638.2,U3,,,,,,,,,,-0.8216282686769709,-0.4395794831673381,,,,,,,,,,7,False
esophagus_mucosa,raw,ENSG00000221638.2,U3,-0.45223018331039544,560.2663878903785,-0.9930334952064906,0.006833602976412965,2309.020202263711,114.53726133595502,0.0,1.44171758226576,0.3550328868852389,-1.0,-0.4395794831673381,-0.9962366920556454,0.03792966914703936,11.344852824454545,138.72403371815568,-1.0,-0.4395794831673381,558.1805210351348,0.0,198.17244178621073,614,True
esophagus_muscularis,excluded_at_or_below_-1,ENSG00000221638.2,U3,,,,,,,,,,-0.7946775588961075,-0.6551249285601135,,,,,,,,,,4,False
esophagus_muscularis,raw,ENSG00000221638.2,U3,-0.32149687952519174,514.4501569988247,-0.9957247624007031,0.004314448273876594,1929.8543142158562,111.6436850746126,0.0,1.4013608720033588,0.3758060538387973,-1.0,-0.6551249285601135,-0.9980305321861147,0.02367100718424921,12.307720379351144,153.70983121364725,-1.0,-0.6551249285601135,512.7942077162139,0.0,192.7111676332234,561,True
fallopian_tube,excluded_at_or_below_-1,ENSG00000221638.2,U3,,,,,,,,,,-0.7906639263465236,-0.7906639263465236,,,,,,,,,,1,False
fallopian_tube,raw,ENSG00000221638.2,U3,0.026316619712015737,27.47414823076697,-0.9973848100748716,0.002103015205036146,1.2300035576666761,139.01348725120445,0.0,1.758635435179665,0.2143913392160233,-1.0,-0.7906639263465236,-0.9927815147016044,0.03887273298973854,5.102520385624571,24.035714285714327,-1.0,-0.7906639263465236,27.2975907481613,0.0,5.852367037869227,29,True
heart_atrial_appendage,excluded_at_or_below_-1,ENSG00000221638.2,U3,,,,,,,,,,-0.8559484079672579,-0.6641760622431405,,,,,,,,,,2,False
heart_atrial_appendage,raw,ENSG00000221638.2,U3,0.05128205127861735,468.77634891655686,-0.9960359328610608,0.001605759257095257,1.8974358974496899,292.2734075867778,0.0,3.491206720605504,0.0022571448412670044,-1.0,-0.6641760622431405,-0.9989590552499141,0.017005693063632577,17.898384899536094,335.13266892309093,-1.0,-0.6641760622431405,468.49161908333843,0.0,1.0574534411907837,461,True
heart_left_ventricle,excluded_at_or_below_-1,ENSG00000221638.2,U3,,,,,,,,,,-0.8946209502996206,-0.8216652415211361,,,,,,,,,,3,False
heart_left_ventricle,raw,ENSG00000221638.2,U3,-0.3872211980913509,417.53855155334725,-0.9978543680230973,0.0025110445845942086,1293.8687946048353,99.22924259109041,0.0,1.2084141636567782,0.4821351254777143,-1.0,-0.8216652415211361,-0.9990368695360707,0.012049208275123739,12.863973511294276,168.19597011987122,-1.0,-0.8216652415211361,417.28746321221445,0.0,201.18894343609773,452,True
kidney_cortex,excluded_at_or_below_-1,ENSG00000221638.2,U3,,,,,,,,,,-0.900209280511253,-0.5696247955889326,,,,,,,,,,5,False
kidney_cortex,raw,ENSG00000221638.2,U3,0.1282051331350288,108.30819627446066,-0.9951712109044951,0.0018246418162930988,4.3589743619551795,329.82556169909174,0.0,3.7426189445641698,0.0009196594547314519,-1.0,-0.5696247955889326,-0.989256075206471,0.05712298590313573,6.153144690659788,38.741413014159264,-1.0,-0.5696247955889326,107.00650902164708,0.0,0.0984095477395627,104,True
kidney_medulla,excluded_at_or_below_-1,ENSG00000221638.2,U3,,,,,,,,,,,,,,,,,,,,,0,False
kidney_medulla,raw,ENSG00000221638.2,U3,0.0,11.0,-0.9875,1.0001e-06,0.0,-17675.90193946968,0.0,,,-1.0,-1.0,-1.0,0.0,,,,-1.0,8.983579622590726e-189,0.0,,11,True
liver,excluded_at_or_below_-1,ENSG00000221638.2,U3,0.12830827088047794,0.5798518937446896,-0.892675342024357,0.14031524747627955,8.93024002755158,4.0475545527915555,0.0,0.18258149987619107,0.983466082057695,-0.9107906882643751,-0.4910856289433437,-0.7677344589805469,0.13290140606203696,1.1093978437577732,0.10863759760516656,-0.9107906882643751,-0.4910856289433437,0.5796909437889667,0.0,0.5701063812924627,13,True
liver,raw,ENSG00000221638.2,U3,0.3333333333207013,286.20710921148066,-0.9946413857169369,0.0026743887147549273,10.666666667546052,266.2796835446268,0.0,2.8336288411718917,0.0182205757144863,-1.0,-0.4910856289433437,-0.9884753739188821,0.05801538999251944,6.090951531152085,41.16621796995602,-1.0,-0.4910856289433437,283.49466135009317,0.0,5.165435941781982,262,True
lung,excluded_at_or_below_-1,ENSG00000221638.2,U3,,,,,,,,,,-0.7858192291147184,-0.314575592304799,,,,,,,,,,6,False
lung,raw,ENSG00000221638.2,U3,0.1538461538461539,642.2194455844889,-0.9922183070098611,0.002937910378500592,7.07692308001544,326.1949461059871,0.0,3.7458514205919298,0.0009031118261015659,-1.0,-0.314575592304799,-0.9962215539412251,0.040479628420840824,12.238138315982459,166.97861404922514,-1.0,-0.314575592304799,638.3538810395476,0.0,0.576504939204644,604,True
minor_salivary_gland,excluded_at_or_below_-1,ENSG00000221638.2,U3,,,,,,,,,,-0.8534751085225575,-0.5193440070823123,,,,,,,,,,9,False
minor_salivary_gland,raw,ENSG00000221638.2,U3,0.23076922969298272,191.3804130413113,-0.9931982940883588,0.0024133193482673817,10.923076958885076,277.6802662911968,0.0,3.98582340725958,0.00036401888609133043,-1.0,-0.5193440070823123,-0.9877910930539655,0.05810258539970716,5.381943443946545,31.49128850612186,-1.0,-0.5193440070823123,186.63854435174287,0.0,0.0679399550166287,181,True
muscle_skeletal,excluded_at_or_below_-1,ENSG00000221638.2,U3,,,,,,,,,,-0.7925731329136882,-0.6936654231511601,,,,,,,,,,3,False
muscle_skeletal,raw,ENSG00000221638.2,U3,0.07692339384348049,820.9025781702708,-0.9962418602396881,0.0008308793804125199,2.769230769234688,515.0058011701719,0.0,6.396611040808646,1.3647668186688194e-09,-1.0,-0.6936654231511601,-0.9990687017863622,0.015555066649431012,17.044513556507113,295.2131759499433,-1.0,-0.6936654231511601,783.9696344542214,0.0,1.0699357439469814e-06,818,True
nerve_tibial,excluded_at_or_below_-1,ENSG00000221638.2,U3,,,,,,,,,,-0.846055912508566,-0.3368357572563326,,,,,,,,,,8,False
nerve_tibial,raw,ENSG00000221638.2,U3,0.2051282051282057,709.6483427176842,-0.9923092034966652,0.0022661011247132887,8.35897435897436,409.06357944012467,0.0,4.799621959432287,9.954291635706388e-06,-1.0,-0.3368357572563326,-0.9962120563554714,0.03797103300938336,12.034149407905417,167.06372863262206,-1.0,-0.3368357572563326,709.1668698381368,0.0,0.007059253840749846,670,True
ovary,excluded_at_or_below_-1,ENSG00000221638.2,U3,,,,,,,,,,-0.7629821372562899,-0.5357091830273253,,,,,,,,,,6,False
ovary,raw,ENSG00000221638.2,U3,0.15384615415795694,203.65104891481226,-0.9937439802318372,0.0015415222349567602,7.0769230769999805,420.2073817401672,0.0,5.739358020261414,7.041667601750631e-08,-1.0,-0.5357091830273253,-0.9898758094625337,0.0580835140295365,5.85098795287459,34.14130837993035,-1.0,-0.5357091830273253,203.3906408165237,0.0,1.4322092859370139e-05,193,True
pancreas,excluded_at_or_below_-1,ENSG00000221638.2,U3,0.25092488465288915,1.3089570460927695,-0.8008793987105287,0.0763192899464863,11.764771064884767,5.664013203883272,0.0,1.7911562583909069,0.2010663700097295,-0.897540735767863,-0.4952158995976184,-0.7592475132342549,0.10456945332462612,1.1298325612004125,0.6987899166482534,-0.897540735767863,-0.4952158995976184,1.3089561532821499,0.0,0.26318706224234095,27,True
pancreas,raw,ENSG00000221638.2,U3,0.6923076923076923,346.3702530654494,-0.9935473437360935,0.0007587676784029121,36.30769230769231,928.8048330432115,0.0,12.026650925558632,0.0,-1.0,-0.4952158995976184,-0.9820433228102898,0.06927698340433387,4.335430239660057,20.116391754348385,-1.0,-0.4952158995976184,299.58657990406937,0.0,0.0,362,True
pituitary,excluded_at_or_below_-1,ENSG00000221638.2,U3,0.17924148696716855,3058840610395.8965,-0.8504137875755748,0.015042184956376789,7.7475535728986,35.65191367495223,0.0,-7.088022490998868,1.0,-0.7750225255191905,-0.4712046682347088,-0.7064060422079802,0.09831040577257402,1.6425970744273535,1.3481070840710565,-0.7750225255191905,-0.4712046682347088,37.67608933716893,0.0,37.676089337157954,10,True
pituitary,raw,ENSG00000221638.2,U3,0.2564102564102564,383.84314090396833,-0.9943314806040746,0.001932377082574757,17.435897435897438,382.85127657797176,0.0,4.1485158774556785,0.00019007640484651687,-1.0,-0.4712046682347088,-0.9906200013484978,0.05434397314573708,6.337287677377109,43.396344109731274,-1.0,-0.4712046682347088,369.89767932165495,0.0,0.0703088210465298,313,True
prostate,excluded_at_or_below_-1,ENSG00000221638.2,U3,,,,,,,,,,-0.7503507845572094,-0.5848146320576046,,,,,,,,,,8,False
prostate,raw,ENSG00000221638.2,U3,0.20512844781250483,302.1732417268691,-0.9956101847810309,0.0025474483416460555,12.358974895545707,228.05276657686167,0.0,2.4370018098057877,0.051753455198336226,-1.0,-0.5848146320576046,-0.9915060845474118,0.05076713743943488,6.055875959066411,36.37923563411689,-1.0,-0.5848146320576046,299.6981113357618,0.0,15.5104127780412,282,True
skin_not_sun_exposed_suprapubic,excluded_at_or_below_-1,ENSG00000221638.2,U3,,,,,,,,,,-0.75646983385825,-0.5812109654217487,,,,,,,,,,7,False
skin_not_sun_exposed_suprapubic,raw,ENSG00000221638.2,U3,0.17948717948717902,714.1180257284044,-0.9953272016131992,0.0017460105505684117,9.74358974747198,335.42111038801687,0.0,3.784819542297444,0.0007877143628205436,-1.0,-0.5812109654217487,-0.9968067586018646,0.031144628937750548,10.014576529031865,102.62207051669007,-1.0,-0.5812109654217487,702.7447818927027,0.0,0.553562158094072,651,True
skin_sun_exposed_lower_leg,excluded_at_or_below_-1,ENSG00000221638.2,U3,0.25617407609774623,1.2605540733427707,-0.7753251384541932,0.021435027893691956,13.703185157308805,19.279112431964826,0.0,7.3093251417956715,2.504308459388363e-12,-0.8861115093864215,-0.4831144541984534,-0.701607507872734,0.12667615339510746,0.6474422869834321,-0.6970282266194281,-0.8861115093864215,-0.4831144541984534,1.2604178488790079,0.0,3.1564750813117826e-12,15,True
skin_sun_exposed_lower_leg,raw,ENSG00000221638.2,U3,0.38461538461542,768.68174800375,-0.9939429714044259,0.002022737167327943,25.230769244759827,357.1500186719511,0.0,4.234822064825297,0.00012757688345605583,-1.0,-0.4831144541984534,-0.9940638098383171,0.04513014000808183,8.52937229883149,78.29356217000746,-1.0,-0.4831144541984534,768.6297924369908,0.0,0.09805939345058645,754,True
small_intestine_terminal_ileum,excluded_at_or_below_-1,ENSG00000221638.2,U3,,,,,,,,,,-0.8136541156685361,-0.5880445016042133,,,,,,,,,,7,False
small_intestine_terminal_ileum,raw,ENSG00000221638.2,U3,0.1794884352371548,225.49306869519637,-0.995816683024356,0.0027789127488874505,7.743595652777108,207.51891168720684,0.0,2.1289274393483533,0.10375250285399355,-1.0,-0.5880445016042133,-0.9912431132099705,0.04883510760174861,5.893651030964894,35.964000502121856,-1.0,-0.5880445016042133,225.3986013149082,0.0,23.385669026211172,207,True
spleen,excluded_at_or_below_-1,ENSG00000221638.2,U3,,,,,,,,,,,,,,,,,,,,,0,False
spleen,raw,ENSG00000221638.2,U3,0.0,277.0,-0.9875,1.0001e-06,0.0,-17675.90193946968,0.0,,,-1.0,-1.0,-1.0,0.0,,,,-1.0,2.2622286867796648e-187,0.0,,277,True
stomach,excluded_at_or_below_-1,ENSG00000221638.2,U3,0.15074586183306526,0.4908925308732152,-0.7975135904910512,0.08026333996860759,11.317431108644191,4.498489011186864,0.0,0.5803425751816563,0.8450166025607744,-0.8304507894045585,-0.5422029624101974,-0.7265745850778191,0.09143601805282331,0.9182800870312011,-0.37573880171631124,-0.8304507894045585,-0.5422029624101974,0.4908692205864966,0.0,0.4147926410816567,13,True
stomach,raw,ENSG00000221638.2,U3,0.3333333333333333,461.34545390370715,-0.9944842511699641,0.0005189915481993834,12.666666666666668,1232.433042100172,0.0,15.030007384792713,0.0,-1.0,-0.5422029624101974,-0.9912665100884808,0.05064077187906284,6.239481095823557,40.77261432535737,-1.0,-0.5422029624101974,416.54994919580616,0.0,0.0,407,True
testis,excluded_at_or_below_-1,ENSG00000221638.2,U3,0.06554260232638251,6.293507397691548,-0.8646388593826934,0.32777535785769146,56.08815928479899,3.725289857027898,0.0,-0.07220018365379476,1.0,-0.8479048655474184,-0.0012203146178043,-0.6600129660041271,0.15265395190074355,1.393885373833651,2.85897888430273,-0.8479048655474184,-0.0012203146178043,6.271024583606347,0.0,6.271024583606347,84,True
testis,raw,ENSG00000221638.2,U3,2.5266957578548497,321.6915547327899,-0.9875265598857851,0.009607799724736054,329.95529747932136,145.17867864378096,0.0,1.8360195553988712,0.18664932109177865,-1.0,-0.0012203146178043,-0.9310171235370694,0.15304616077191655,2.397418934804417,5.924331390039274,-1.0,-0.0012203146178043,319.46029345608866,0.0,59.627046889359434,414,True
thyroid,excluded_at_or_below_-1,ENSG00000221638.2,U3,1.6426665484536136,13.546298712018693,-0.718706645563828,0.09168614253211942,188.23475072569397,12.791498553086402,0.0,2.2300487497065493,0.08319592009798697,-0.8632849277690073,0.1105904215422732,-0.6134075500324815,0.1780802924367588,1.4635036929063718,2.182453589553944,-0.8632849277690073,0.1105904215422732,13.546275095520734,0.0,1.1269948204722937,155,True
thyroid,raw,ENSG00000221638.2,U3,4.078966195678369,495.8783346977507,-0.9861415362206967,0.011687739027568832,1946.2124054141632,132.70429852154348,0.0,1.6768707261616298,0.24652806037104044,-1.0,0.1105904215422732,-0.9123949857529745,0.1827062430545174,2.266938156367932,5.163425671051595,-1.0,0.1105904215422732,493.07551874999086,0.0,121.55695125388002,684,True
uterus,excluded_at_or_below_-1,ENSG00000221638.2,U3,0.05494207029906822,0.5167981841106869,-1.056783997122364,0.5971760165608497,11.820022772761101,2.0264077886016425,0.0,-0.49033526764087065,1.0,-0.849731491263406,-0.2010984321399536,-0.5983197381788566,0.18797392580721187,0.6006622909327467,-0.23956681753658282,-0.849731491263406,-0.2010984321399536,0.3919408594224265,0.0,0.3919408594224265,12,True
uterus,raw,ENSG00000221638.2,U3,0.31803431643454544,137.00655243670693,-0.9900184180172996,0.007971647041880428,26.04994910451686,139.95869834595075,0.0,1.7707869577908486,0.2098659499472182,-1.0,-0.2010984321399536,-0.9684956657395183,0.1195656758154318,4.162537258102228,17.802197976930827,-1.0,-0.2010984321399536,136.11114755851906,0.0,28.565095280774585,153,True
vagina,excluded_at_or_below_-1,ENSG00000221638.2,U3,,,,,,,,,,-0.795934425543336,-0.3396198775671407,,,,,,,,,,8,False
vagina,raw,ENSG00000221638.2,U3,0.2051282051282301,166.31934089432667,-0.9922147302968647,0.002826951687776466,8.358974359024858,326.4677268648905,0.0,3.894666487762421,0.0005087085060681762,-1.0,-0.3396198775671407,-0.9808317022131519,0.09294884826019462,5.270544949992703,28.7146367527554,-1.0,-0.3396198775671407,166.22321276080015,0.0,0.0845591622373994,170,True
whole_blood,excluded_at_or_below_-1,ENSG00000221638.2,U3,,,,,,,,,,-0.7038480504783664,-0.7038480504783664,,,,,,,,,,1,False
whole_blood,raw,ENSG00000221638.2,U3,2.6682729588761704,767.8125104778984,-0.9963511651174667,0.003626246592261911,1462.0883071429198,114.0743910360938,0.0,1.4230228547473822,0.3642880706450429,-1.0,-0.7038480504783664,-0.9996311930890143,0.010450975346134426,28.284293289435315,798.0012468827948,-1.0,-0.7038480504783664,765.7523964573293,0.0,278.95446309725935,803,True
adipose_subcutaneous,excluded_at_or_below_-1,ENSG00000221673.2,U3,,,,,,,,,,-0.8244217479394076,-0.744711985634365,,,,,,,,,,3,False
adipose_subcutaneous,raw,ENSG00000221673.2,U3,0.07692307828217082,766.4396333844437,-0.9969886131168696,0.0006553831077505464,2.7692307692307825,544.3732434301602,0.0,6.498098778122215,6.787206479735346e-10,-1.0,-0.744711985634365,-0.9991304211870464,0.013583915694655457,15.995758823120044,261.05235430258864,-1.0,-0.744711985634365,765.0365142712305,0.0,5.192460786895836e-07,714,True
adipose_visceral_omentum,excluded_at_or_below_-1,ENSG00000221673.2,U3,,,,,,,,,,,,,,,,,,,,,0,False
adipose_visceral_omentum,raw,ENSG00000221673.2,U3,0.0,587.0,-0.9875,1.0001e-06,0.0,-17675.90193946968,0.0,,,-1.0,-1.0,-1.0,0.0,,,,-1.0,4.793964762237051e-187,0.0,,587,True
adrenal_gland,excluded_at_or_below_-1,ENSG00000221673.2,U3,,,,,,,,,,-0.8139216635785971,-0.7346063134344678,,,,,,,,,,4,False
adrenal_gland,raw,ENSG00000221673.2,U3,0.10256410256410813,372.60412276257244,-0.9972547741796124,0.0011500483041855453,3.5897436090270705,322.97862095910176,0.0,3.3758021926901183,0.003371774644571289,-1.0,-0.7346063134344678,-0.9968176554021468,0.02741075282494078,8.604548581748078,72.95903490343211,-1.0,-0.7346063134344678,370.4847833563344,0.0,1.249191198720375,295,True
artery_aorta,excluded_at_or_below_-1,ENSG00000221673.2,U3,,,,,,,,,,,,,,,,,,,,,0,False
artery_aorta,raw,ENSG00000221673.2,U3,0.0,472.0,-0.9875,1.0001e-06,0.0,-17675.90193946968,0.0,,,-1.0,-1.0,-1.0,0.0,,,,-1.0,3.8547723471480207e-187,0.0,,472,True
artery_coronary,excluded_at_or_below_-1,ENSG00000221673.2,U3,,,,,,,,,,-0.5843538118382241,-0.5843538118382241,,,,,,,,,,1,False
artery_coronary,raw,ENSG00000221673.2,U3,0.02564102564825727,275.958322281335,-0.995177183915742,0.0020489658483633885,0.9743589744761145,283.55376688974167,0.0,3.3287484613943197,0.003926527243755567,-1.0,-0.5843538118382241,-0.9984490813874561,0.025389631928270227,16.278935632231992,263.00374531835234,-1.0,-0.5843538118382241,275.8801646032232,0.0,1.083250982326326,268,True
artery_tibial,excluded_at_or_below_-1,ENSG00000221673.2,U3,,,,,,,,,,-0.7634706450243807,-0.5879610102057484,,,,,,,,,,2,False
artery_tibial,raw,ENSG00000221673.2,U3,2.3656750706487477,642.3134927170688,-0.9949035891945777,0.005095823236009474,2337.3260145549134,112.93635741646374,0.0,1.4143766270231588,0.3689168008062727,-1.0,-0.5879610102057484,-0.9990614061580754,0.01806243289426907,20.317426592935238,428.4689043595232,-1.0,-0.5879610102057484,640.3596693242307,0.0,236.23944057245728,691,True
bladder,excluded_at_or_below_-1,ENSG00000221673.2,U3,,,,,,,,,,,,,,,,,,,,,0,False
bladder,raw,ENSG00000221673.2,U3,0.0,77.0,-0.9875,1.0001e-06,0.0,-17675.90193946968,0.0,,,-1.0,-1.0,-1.0,0.0,,,,-1.0,6.288505735813509e-188,0.0,,77,True
brain_amygdala,excluded_at_or_below_-1,ENSG00000221673.2,U3,,,,,,,,,,-0.8895512265370522,-0.847977574570926,,,,,,,,,,3,False
brain_amygdala,raw,ENSG00000221673.2,U3,0.0769230769230769,212.17890198165748,-0.9983486906446256,0.0005933289567640455,2.7692307692307696,358.4131017309746,0.0,3.9359347953970008,0.000452269709858298,-1.0,-0.847977574570926,-0.9978329598625919,0.0168816493549449,7.770227538423107,59.37424591737489,-1.0,-0.847977574570926,202.93186699396554,0.0,0.09177993660636288,181,True
brain_anterior_cingulate_cortex_ba24,excluded_at_or_below_-1,ENSG00000221673.2,U3,,,,,,,,,,-0.8506287616752669,-0.5789291597787927,,,,,,,,,,4,False
brain_anterior_cingulate_cortex_ba24,raw,ENSG00000221673.2,U3,0.10256410256493363,259.65323946024495,-0.995413165647201,0.0019054126971655445,3.5897435941784535,309.1179829371138,0.0,3.404387595263207,0.003137821243513392,-1.0,-0.5789291597787927,-0.9957826966866656,0.03477066320611559,9.45080578313963,97.62883937829514,-1.0,-0.5789291597787927,251.80278665163942,0.0,0.7901121331313834,233,True
brain_caudate_basal_ganglia,excluded_at_or_below_-1,ENSG00000221673.2,U3,,,,,,,,,,-0.8660735446790372,-0.7405587689466362,,,,,,,,,,4,False
brain_caudate_basal_ganglia,raw,ENSG00000221673.2,U3,0.10256410250977098,306.6369005608671,-0.996991506244204,0.0012420642729734244,3.5897435901846686,291.9741456329907,0.0,3.4254690069912708,0.002832587072467563,-1.0,-0.7405587689466362,-0.9974322293518041,0.02282423445455104,9.260691053044624,87.77741360605873,-1.0,-0.7405587689466362,306.5283292665187,0.0,0.8682681828254213,300,True
brain_cerebellar_hemisphere,excluded_at_or_below_-1,ENSG00000221673.2,U3,,,,,,,,,,-0.835508468434712,-0.671123333841399,,,,,,,,,,4,False
brain_cerebellar_hemisphere,raw,ENSG00000221673.2,U3,0.10256410258214467,273.7423886241109,-0.995965006859404,0.0013662415645662928,3.5897435903564183,336.24763842685616,0.0,4.176671367281279,0.00016615228480909352,-1.0,-0.671123333841399,-0.9965174095368302,0.029729621044738034,8.889779985709383,80.89956599513917,-1.0,-0.671123333841399,268.40618083313126,0.0,0.04459630020230737,277,True
brain_cerebellum,excluded_at_or_below_-1,ENSG00000221673.2,U3,,,,,,,,,,-0.7159727696506466,-0.4610774999743036,,,,,,,,,,2,False
brain_cerebellum,raw,ENSG00000221673.2,U3,0.08517151816450722,249.12775954326395,-0.9932801438276309,0.0061917642002017525,225.69930214694222,121.55634041161795,0.0,1.534831015666194,0.30937240202845306,-1.0,-0.4610774999743036,-0.9969062040211464,0.03729347608723039,12.829349746122867,170.61943653682786,-1.0,-0.4610774999743036,247.9735966228555,0.0,76.71618722684731,266,True
brain_cortex,excluded_at_or_below_-1,ENSG00000221673.2,U3,,,,,,,,,,-0.8372679031131551,-0.6397301268438093,,,,,,,,,,6,False
brain_cortex,raw,ENSG00000221673.2,U3,0.15384615384615388,379.95122245330646,-0.9963740602139143,0.0014529826594226322,7.0769230822133515,347.12780929574853,0.0,3.5291909291389763,0.001974473017310987,-1.0,-0.6397301268438093,-0.9951280829937972,0.0338955459213086,7.550212003211275,61.0517223764775,-1.0,-0.6397301268438093,379.89781864931814,0.0,0.7500979922583826,270,True
brain_frontal_cortex_ba9,excluded_at_or_below_-1,ENSG00000221673.2,U3,,,,,,,,,,-0.8200444261047533,-0.6620857176570525,,,,,,,,,,5,False
brain_frontal_cortex_ba9,raw,ENSG00000221673.2,U3,0.1282051282051282,355.50721344143955,-0.9962661105703648,0.0008975584216167862,4.3589743589743595,526.542264609216,0.0,5.883201521612598,3.228581979437288e-08,-1.0,-0.6620857176570525,-0.9956186487234969,0.032735682893302274,7.762747734318668,61.95529678097792,-1.0,-0.6620857176570525,335.67827515235217,0.0,1.0837648300454639e-05,269,True
brain_hippocampus,excluded_at_or_below_-1,ENSG00000221673.2,U3,,,,,,,,,,-0.8281514057392196,-0.7961498552310343,,,,,,,,,,5,False
brain_hippocampus,raw,ENSG00000221673.2,U3,0.12820512820515226,275.81527910598015,-0.9977258497570926,0.0008717068562159025,6.35897437134139,327.0268018139694,0.0,3.689467500984326,0.0011241648633885954,-1.0,-0.7961498552310343,-0.9963194315391258,0.026144752807471805,6.985868871756671,47.07062110757188,-1.0,-0.7961498552310343,271.60831369683797,0.0,0.3053325228622126,255,True
brain_hypothalamus,excluded_at_or_below_-1,ENSG00000221673.2,U3,0.30143489063914225,1.663664735951644,-0.7907690919735784,0.06164823035571232,21.057561742612826,11.291096787929396,0.0,2.616695399772736,0.03259738985547918,-0.904835768370905,-0.2985689361619787,-0.7142872248745539,0.14018676462717253,1.32992279978146,1.622998376565432,-0.904835768370905,-0.2985689361619787,1.6636242295388746,0.0,0.05422980758329987,24,True
brain_hypothalamus,raw,ENSG00000221673.2,U3,0.6153846153846154,239.53667931954587,-0.9917692194222497,0.003084959085169078,31.230769231081823,317.7783610617375,0.0,3.773172090978965,0.0008101476193683932,-1.0,-0.2985689361619787,-0.9733186513501528,0.09329493034809062,4.079738483517668,18.48003814519414,-1.0,-0.2985689361619787,239.50800051879799,0.0,0.19403683643998793,257,True
brain_nucleus_accumbens_basal_ganglia,excluded_at_or_below_-1,ENSG00000221673.2,U3,0.08161659990456357,1.1200654419424039,-0.8278921096348921,0.07301359406926504,16.781790050652308,7.269722010720424,0.0,1.196564548658484,0.48876586737894334,-0.8896688317353518,-0.4525679393614418,-0.7823404286860741,0.11044164992795698,1.9576341397772437,3.4532210485218524,-0.8896688317353518,-0.4525679393614418,1.12005238589067,0.0,0.5474433758997084,15,True
brain_nucleus_accumbens_basal_ganglia,raw,ENSG00000221673.2,U3,0.3846153846153851,352.95349190204826,-0.9937031072409367,0.0010520825292490723,25.23076936978987,727.3960665789643,0.0,8.464308543392324,2.796596227019506e-16,-1.0,-0.4525679393614418,-0.9885442330887408,0.05451438909374721,5.931191728904945,42.072115460176335,-1.0,-0.4525679393614418,349.74891092419455,0.0,9.781064846947629e-14,285,True
brain_putamen_basal_ganglia,excluded_at_or_below_-1,ENSG00000221673.2,U3,,,,,,,,,,-0.855795660661163,-0.6745963145532492,,,,,,,,,,4,False
brain_putamen_basal_ganglia,raw,ENSG00000221673.2,U3,0.10256410256410256,266.7998820898385,-0.9962460008767164,0.0012256131315104633,3.5897435897435903,371.1459489432011,0.0,4.331673948974221,8.438509799701937e-05,-1.0,-0.6745963145532492,-0.9966782859876493,0.0277295680102119,9.097353683877769,88.09255679779295,-1.0,-0.6745963145532492,266.3787073098429,0.0,0.022478393320660428,254,True
brain_spinal_cord_cervical_c-1,excluded_at_or_below_-1,ENSG00000221673.2,U3,,,,,,,,,,-0.8637679195222183,-0.8490192738871944,,,,,,,,,,2,False
brain_spinal_cord_cervical_c-1,raw,ENSG00000221673.2,U3,0.05128205128192693,287.841618204408,-0.9985598549981617,0.0007510580130614513,1.8974358982162631,281.57920460796726,0.0,2.7117380521406167,0.02553960606337361,-1.0,-0.8490192738871944,-0.9985920940853402,0.014202960698717354,9.990726245890087,98.08531576192674,-1.0,-0.8490192738871944,285.1951301426336,0.0,7.2837712750356305,204,True
brain_substantia_nigra,excluded_at_or_below_-1,ENSG00000221673.2,U3,,,,,,,,,,-0.8515239872732697,-0.5666655407679044,,,,,,,,,,6,False
brain_substantia_nigra,raw,ENSG00000221673.2,U3,0.15384615384615385,199.35534778850862,-0.9947190934376376,0.0003922590263065038,5.076923076923077,1543.263759428461,0.0,19.03928063157527,0.0,-1.0,-0.5666655407679044,-0.9911752806955546,0.051409210120414654,6.304315032768232,41.1379811105505,-1.0,-0.5666655407679044,146.83950568684156,0.0,0.0,183,True
breast_mammary_tissue,excluded_at_or_below_-1,ENSG00000221673.2,U3,,,,,,,,,,-0.8719389272359562,-0.5041636443450926,,,,,,,,,,5,False
breast_mammary_tissue,raw,ENSG00000221673.2,U3,0.1282051282051282,516.6392052826155,-0.9938803235445562,0.0006359910217655227,4.358974362068099,1088.9524313120419,0.0,13.607942792335413,0.0,-1.0,-0.5041636443450926,-0.9973184676183084,0.029751150857063712,12.789172967704856,179.57393209368965,-1.0,-0.5041636443450926,397.73636592532966,0.0,0.0,514,True
cells_cultured_fibroblasts,excluded_at_or_below_-1,ENSG00000221673.2,U3,,,,,,,,,,-0.733184680636516,-0.733184680636516,,,,,,,,,,1,False
cells_cultured_fibroblasts,raw,ENSG00000221673.2,U3,2.3595258883422683,615.4742268568324,-0.9967445098007593,0.003475305008743549,1602.0476368770978,107.25098486695549,0.0,1.3247638352190394,0.41647226401658893,-1.0,-0.733184680636516,-0.9995907740500559,0.010449294355416153,25.47550855426264,647.0015360983091,-1.0,-0.733184680636516,614.5122564926382,0.0,255.92731072743118,652,True
cells_ebv-transformed_lymphocytes,excluded_at_or_below_-1,ENSG00000221673.2,U3,,,,,,,,,,-0.8192830677875039,-0.8192830677875039,,,,,,,,,,1,False
cells_ebv-transformed_lymphocytes,raw,ENSG00000221673.2,U3,0.025641025448911326,369.22412615014684,-0.998088963546396,0.0009857179154576965,0.9743589755609373,256.5335567600803,0.0,2.7417718887878313,0.023560376783398892,-1.0,-0.8192830677875039,-0.9994473488311545,0.009993669186911214,18.000085207705627,322.00306748466284,-1.0,-0.8192830677875039,365.3793870522979,0.0,8.60847602783946,327,True
cervix_ectocervix,excluded_at_or_below_-1,ENSG00000221673.2,U3,,,,,,,,,,,,,,,,,,,,,0,False
cervix_ectocervix,raw,ENSG00000221673.2,U3,0.0,24.0,-0.9875,1.0001e-06,0.0,-17675.90193946968,0.0,,,-1.0,-1.0,-1.0,0.0,,,,-1.0,1.9600537358379766e-188,0.0,,24,True
cervix_endocervix,excluded_at_or_below_-1,ENSG00000221673.2,U3,,,,,,,,,,,,,,,,,,,,,0,False
cervix_endocervix,raw,ENSG00000221673.2,U3,0.0,23.0,-0.9875,1.0001e-06,0.0,-17675.90193946968,0.0,,,-1.0,-1.0,-1.0,0.0,,,,-1.0,1.878384830178061e-188,0.0,,23,True
colon_sigmoid,excluded_at_or_below_-1,ENSG00000221673.2,U3,,,,,,,,,,-0.7588541851812243,-0.0716243705262706,,,,,,,,,,3,False
colon_sigmoid,raw,ENSG00000221673.2,U3,0.07692307692307693,461.2923864857512,-0.988745382671649,0.0010879979427800312,4.7692307692338,1192.102413722633,0.0,14.629101617972093,0.0,-1.0,-0.0716243705262706,-0.9966020223110555,0.048415769121995196,17.318625248398295,319.59866408898375,-1.0,-0.0716243705262706,401.47044579907003,0.0,0.0,419,True
colon_transverse,excluded_at_or_below_-1,ENSG00000221673.2,U3,,,,,,,,,,-0.737386441596366,-0.737386441596366,,,,,,,,,,1,False
colon_transverse,raw,ENSG00000221673.2,U3,1.1268972813833422,443.35251347701114,-0.9967188555362497,0.0025514949880949245,1173.586323302985,143.73981476270595,0.0,1.8186353578557775,0.19266540700122534,-1.0,-0.737386441596366,-0.9994517462246271,0.011999119753503259,21.81747217370081,474.00209205020894,-1.0,-0.737386441596366,440.2964058306639,0.0,84.82988623054094,479,True
esophagus_gastroesophageal_junction,excluded_at_or_below_-1,ENSG00000221673.2,U3,,,,,,,,,,-0.7669034309656937,-0.7669034309656937,,,,,,,,,,1,False
esophagus_gastroesophageal_junction,raw,ENSG00000221673.2,U3,0.02564102568583753,413.6338230225188,-0.9971742295245115,0.0005200448138860991,0.9743589760945176,626.2000459285184,0.0,7.684420311256397,1.5632159555975846e-13,-1.0,-0.7669034309656937,-0.9994215966028926,0.011611367162549648,20.000062188958076,398.0024875621899,-1.0,-0.7669034309656937,398.09246916235844,0.0,6.22304499597881e-11,403,True
esophagus_mucosa,excluded_at_or_below_-1,ENSG00000221673.2,U3,,,,,,,,,,-0.8069650863969753,-0.708565001971986,,,,,,,,,,2,False
esophagus_mucosa,raw,ENSG00000221673.2,U3,0.04679221194962013,608.044693766918,-0.9963652448970677,0.002960705900323928,19.319734401560776,137.47093446680782,0.0,1.7361805378607542,0.22286729841148917,-1.0,-0.708565001971986,-0.9992109610559754,0.014096762457195678,18.450459249109233,348.7947256732522,-1.0,-0.708565001971986,604.4178224260082,0.0,134.70496719583886,614,True
esophagus_muscularis,excluded_at_or_below_-1,ENSG00000221673.2,U3,,,,,,,,,,-0.7088774204839383,-0.7088774204839383,,,,,,,,,,1,False
esophagus_muscularis,raw,ENSG00000221673.2,U3,1.95224838897828,524.5476063100612,-0.9964360883587875,0.0037964292085320645,1481.6290979717364,107.11891246980365,0.0,1.3275980931699856,0.4150145437464169,-1.0,-0.7088774204839383,-0.9994810649206488,0.012291204941018334,23.622061419662046,556.0017857142861,-1.0,-0.7088774204839383,523.5955601576696,0.0,217.29977250648537,561,True
fallopian_tube,excluded_at_or_below_-1,ENSG00000221673.2,U3,,,,,,,,,,,,,,,,,,,,,0,False
fallopian_tube,raw,ENSG00000221673.2,U3,0.0,29.0,-0.9875,1.0001e-06,0.0,-17675.90193946968,0.0,,,-1.0,-1.0,-1.0,0.0,,,,-1.0,2.368398264137555e-188,0.0,,29,True
heart_atrial_appendage,excluded_at_or_below_-1,ENSG00000221673.2,U3,,,,,,,,,,-0.8777076330101854,-0.8323440574075648,,,,,,,,,,4,False
heart_atrial_appendage,raw,ENSG00000221673.2,U3,0.10256410256407066,500.712817787655,-0.9981370774812038,0.0007692257035256769,3.589743592297025,304.8087660881298,0.0,3.42496393406607,0.002881319802862534,-1.0,-0.8323440574075648,-0.9987076587382883,0.013915764497907502,10.785721896625388,115.5290185262614,-1.0,-0.8323440574075648,492.92181383559915,0.0,1.4202653834674266,461,True
heart_left_ventricle,excluded_at_or_below_-1,ENSG00000221673.2,U3,,,,,,,,,,-0.8629778920907251,-0.8391533679134384,,,,,,,,,,4,False
heart_left_ventricle,raw,ENSG00000221673.2,U3,0.10256410256410255,474.84161844008804,-0.9981315727163894,0.0005881583045925332,3.5897435897435903,382.2595576709894,0.0,4.492591848415271,4.143747364794023e-05,-1.0,-0.8391533679134384,-0.9986963133687056,0.013836488867685652,10.545645177490961,109.62985973023811,-1.0,-0.8391533679134384,474.667937829482,0.0,0.01966904016533129,452,True
kidney_cortex,excluded_at_or_below_-1,ENSG00000221673.2,U3,,,,,,,,,,,,,,,,,,,,,0,False
kidney_cortex,raw,ENSG00000221673.2,U3,0.0,104.0,-0.9875,1.0001e-06,0.0,-17675.90193946968,0.0,,,-1.0,-1.0,-1.0,0.0,,,,-1.0,8.493566188631232e-188,0.0,,104,True
kidney_medulla,excluded_at_or_below_-1,ENSG00000221673.2,U3,,,,,,,,,,,,,,,,,,,,,0,False
kidney_medulla,raw,ENSG00000221673.2,U3,0.0,11.0,-0.9875,1.0001e-06,0.0,-17675.90193946968,0.0,,,-1.0,-1.0,-1.0,0.0,,,,-1.0,8.983579622590726e-189,0.0,,11,True
liver,excluded_at_or_below_-1,ENSG00000221673.2,U3,0.10950747146205578,2.1223369358906536,-0.8324707834608603,0.017139763999894742,5.621503974663074,34.917588686903784,0.0,1.8146255413508385,0.1927966747903442,-0.854463397839939,-0.4092820618545859,-0.7679506062036066,0.13231341599622307,2.251250619484919,3.7217269587690165,-0.854463397839939,-0.4092820618545859,2.1216710854799357,0.0,0.40905113027935175,10,True
liver,raw,ENSG00000221673.2,U3,0.25641025641041604,279.3550282416516,-0.9930487748861748,0.0013414322945777407,15.435897437900131,615.4397848988054,0.0,7.328373463809293,2.1809777281449073e-12,-1.0,-0.4092820618545859,-0.9911431529085346,0.05087278522204548,7.610752636355423,70.6997330256451,-1.0,-0.4092820618545859,278.99741556441097,0.0,6.084871495559696e-10,262,True
lung,excluded_at_or_below_-1,ENSG00000221673.2,U3,,,,,,,,,,-0.6693785013671698,-0.6693785013671698,,,,,,,,,,1,False
lung,raw,ENSG00000221673.2,U3,1.2115563623538856,567.5451891141522,-0.9959018637581266,0.004046326884254816,1323.0505570485495,114.12171599922476,0.0,1.432321218600067,0.35972517473228793,-1.0,-0.6693785013671698,-0.9994526134128596,0.013452797990451092,24.515335167498606,599.0016583747934,-1.0,-0.6693785013671698,565.6430811111591,0.0,203.47605618882142,604,True
minor_salivary_gland,excluded_at_or_below_-1,ENSG00000221673.2,U3,,,,,,,,,,,,,,,,,,,,,0,False
minor_salivary_gland,raw,ENSG00000221673.2,U3,0.0,181.0,-0.9875,1.0001e-06,0.0,-17675.90193946968,0.0,,,-1.0,-1.0,-1.0,0.0,,,,-1.0,1.478207192444474e-187,0.0,,181,True
muscle_skeletal,excluded_at_or_below_-1,ENSG00000221673.2,U3,,,,,,,,,,-0.9158527145837998,-0.7395226313465834,,,,,,,,,,5,False
muscle_skeletal,raw,ENSG00000221673.2,U3,0.13157894725562644,863.2102164517881,-0.9971011339660687,0.0014567790071330312,4.359418332700317,250.05234836347776,0.0,2.814164427558855,0.01925781085435014,-1.0,-0.7395226313465834,-0.9988664658255465,0.015182811676383117,14.118384578618597,205.01694423619037,-1.0,-0.7395226313465834,854.6876483644368,0.0,16.45941307175139,818,True
nerve_tibial,excluded_at_or_below_-1,ENSG00000221673.2,U3,,,,,,,,,,-0.8598600662486139,-0.6004548112141037,,,,,,,,,,4,False
nerve_tibial,raw,ENSG00000221673.2,U3,0.18061257987322626,659.9310159912897,-0.9950508457587001,0.004423408583699795,57.48793258650794,126.15679812350868,0.0,1.58230037263906,0.28712717085834577,-1.0,-0.6004548112141037,-0.998126266944082,0.02552408653360981,14.279555221261214,207.28514901480966,-1.0,-0.6004548112141037,657.2918467463226,0.0,188.72634838452836,670,True
ovary,excluded_at_or_below_-1,ENSG00000221673.2,U3,,,,,,,,,,-0.5256844135080279,-0.5256844135080279,,,,,,,,,,1,False
ovary,raw,ENSG00000221673.2,U3,-0.15532044357135352,182.19453691171307,-0.9940847649121026,0.005413561035039569,103.23861887458429,122.36273412055922,0.0,1.5452685638499755,0.3044654895630784,-1.0,-0.5256844135080279,-0.9975424062876064,0.034141982998252635,13.784237676902311,188.00520833333326,-1.0,-0.5256844135080279,181.3348035865415,0.0,55.210189748801014,193,True
pancreas,excluded_at_or_below_-1,ENSG00000221673.2,U3,,,,,,,,,,-0.8511192452733038,-0.796347778296044,,,,,,,,,,3,False
pancreas,raw,ENSG00000221673.2,U3,0.07692307696202996,398.0032686665123,-0.9977945086891783,0.0010580961620426886,2.769230771541448,269.2465093793556,0.0,2.9477809629691665,0.013296947192072651,-1.0,-0.796347778296044,-0.9985397356201585,0.016125624841337626,11.109214315966334,123.25635329033834,-1.0,-0.796347778296044,388.3763018265629,0.0,5.164219176040423,362,True
pituitary,excluded_at_or_below_-1,ENSG00000221673.2,U3,,,,,,,,,,-0.7916850188457566,-0.2836473238789702,,,,,,,,,,9,False
pituitary,raw,ENSG00000221673.2,U3,0.23076923076978104,364.0881747361665,-0.9925721839114823,0.0035869925689973976,8.923076923571026,279.50187586857925,0.0,2.9285029308357595,0.013799593224502553,-1.0,-0.2836473238789702,-0.9876033890843104,0.07791720552852698,6.900750303952915,49.681984434087646,-1.0,-0.2836473238789702,362.29091887187445,0.0,4.999467309363144,313,True
prostate,excluded_at_or_below_-1,ENSG00000221673.2,U3,,,,,,,,,,-0.754675937432144,-0.3655377648803332,,,,,,,,,,3,False
prostate,raw,ENSG00000221673.2,U3,0.07692307692303552,306.50696728906615,-0.99296687219038,0.002923081992878503,4.769230769231018,303.5558890059481,0.0,3.402690981128885,0.003113094064276738,-1.0,-0.3655377648803332,-0.9946373883817174,0.05514894443201917,10.826458802606886,118.46495439866382,-1.0,-0.3655377648803332,301.33593385721207,0.0,0.9380871070441744,282,True
skin_not_sun_exposed_suprapubic,excluded_at_or_below_-1,ENSG00000221673.2,U3,,,,,,,,,,-0.8003044152021338,-0.6889922057217942,,,,,,,,,,4,False
skin_not_sun_exposed_suprapubic,raw,ENSG00000221673.2,U3,-0.4697589108857932,594.5969817498101,-0.9962111355599473,0.004269847771956706,3220.2556586640853,101.7537861767288,0.0,1.254907379206238,0.4556232698682447,-1.0,-0.6889922057217942,-0.998321289718953,0.021638637039318443,13.061054712991423,171.22219972645988,-1.0,-0.6889922057217942,593.8201779187082,0.0,270.5582911770641,651,True
skin_sun_exposed_lower_leg,excluded_at_or_below_-1,ENSG00000221673.2,U3,,,,,,,,,,-0.79548989037781,-0.6845891184508652,,,,,,,,,,2,False
skin_sun_exposed_lower_leg,raw,ENSG00000221673.2,U3,2.623900777822746,701.9613684595222,-0.9961965849711188,0.00433206940961561,3212.2059804180813,101.72494104353812,0.0,1.2416331800313112,0.46297090044809824,-1.0,-0.6845891184508652,-0.9993104496138311,0.01368153714760051,20.569441531390822,434.8447365464531,-1.0,-0.6845891184508652,701.4453358360805,0.0,324.7487787471489,754,True
small_intestine_terminal_ileum,excluded_at_or_below_-1,ENSG00000221673.2,U3,,,,,,,,,,-0.7843512204330078,-0.5783237286153995,,,,,,,,,,2,False
small_intestine_terminal_ileum,raw,ENSG00000221673.2,U3,0.05128205128205164,225.56726212485836,-0.9951629935531272,0.0014015903160383325,1.8974358974358974,420.5934751824041,0.0,4.880570335124001,6.751202580395319e-06,-1.0,-0.5783237286153995,-0.9969211350195576,0.032853974962846054,11.382127540019177,134.0980941542607,-1.0,-0.5783237286153995,224.62332882742487,0.0,0.001516477597196697,207,True
spleen,excluded_at_or_below_-1,ENSG00000221673.2,U3,,,,,,,,,,-0.1443817847070323,-0.1443817847070323,,,,,,,,,,1,False
spleen,raw,ENSG00000221673.2,U3,0.025641025640856,276.8074098541348,-0.9895165691943512,0.0038578325680388723,0.9743589744255196,309.8115465552226,0.0,3.843041335794795,0.0006306828977976933,-1.0,-0.1443817847070323,-0.9969111255765597,0.0514091161317533,16.553054799293268,272.0036231884059,-1.0,-0.1443817847070323,272.4747637333276,0.0,0.17184517356807674,277,True
stomach,excluded_at_or_below_-1,ENSG00000221673.2,U3,,,,,,,,,,-0.7644334527429396,-0.7597577308848772,,,,,,,,,,2,False
stomach,raw,ENSG00000221673.2,U3,-0.48847373821998064,379.3800878840165,-0.9969979653084645,0.0024370341857557864,696.8189845038555,137.67076351387328,0.0,1.742083964311594,0.22067666321897594,-1.0,-0.7597577308848772,-0.99883093656911,0.016657347627176765,14.16205796539562,198.58372232403383,-1.0,-0.7597577308848772,376.9705300399133,0.0,83.18859870109615,407,True
testis,excluded_at_or_below_-1,ENSG00000221673.2,U3,0.508088776798264,18.812037345274117,-0.5656780464594701,0.5378032929385507,444.8412251954647,4.617586233315239,0.0,0.8247710661200961,0.7116770233174472,-0.879325579676102,1.1903177576944015,-0.3930630746146355,0.3371920200371572,1.0951398232182852,1.5899222197900498,-0.879325579676102,1.1903177576944015,18.81155758007096,0.0,13.387753302549664,296,True
testis,raw,ENSG00000221673.2,U3,7.589743605334523,1303.1481088409705,-0.9983518772525346,0.016377667531644657,2799.4358980768734,188.99188637915287,0.0,0.14231559759151616,1.0,-1.0,1.1903177576944015,-0.5660547586616718,0.3955551384737085,0.8484917881831683,0.6161057774480239,-1.0,1.1903177576944015,1290.0179004459842,0.0,1290.0179004459842,414,True
thyroid,excluded_at_or_below_-1,ENSG00000221673.2,U3,,,,,,,,,,-0.7874343962868211,-0.3705818262451149,,,,,,,,,,5,False
thyroid,raw,ENSG00000221673.2,U3,0.1282051282051282,733.2149096568688,-0.9926376069896549,0.0018210188085641284,4.358974367231604,483.09205678944693,0.0,5.717676279775023,7.96282767335114e-08,-1.0,-0.3705818262451149,-0.997352575708198,0.033250196876675776,14.332502947589292,226.70336326562656,-1.0,-0.3705818262451149,733.2043160100411,0.0,5.8383796177452485e-05,684,True
uterus,excluded_at_or_below_-1,ENSG00000221673.2,U3,,,,,,,,,,-0.7426236234782055,-0.7426236234782055,,,,,,,,,,1,False
uterus,raw,ENSG00000221673.2,U3,0.02564102564112467,172.09176341275727,-0.99719144553192,0.0011590111631040489,0.974358976874804,310.6210517661976,0.0,3.426969425199521,0.002901506204726809,-1.0,-0.7426236234782055,-0.9983178014606419,0.02080764678309999,12.247717295372587,148.00657894736855,-1.0,-0.7426236234782055,167.083454980811,0.0,0.48479368133401446,153,True
vagina,excluded_at_or_below_-1,ENSG00000221673.2,U3,,,,,,,,,,-0.7982532366797847,-0.7982532366797847,,,,,,,,,,1,False
vagina,raw,ENSG00000221673.2,U3,0.025641025641025644,185.07081183880737,-0.9972604694676552,0.0007216887412568171,0.9743589743589743,389.97245145992196,0.0,5.368354820985858,5.542142976209745e-07,-1.0,-0.7982532366797847,-0.9988132543334105,0.015473270407988212,12.923076923076897,165.00591715976316,-1.0,-0.7982532366797847,184.3500106998063,0.0,0.00010216941169641225,170,True
whole_blood,excluded_at_or_below_-1,ENSG00000221673.2,U3,,,,,,,,,,-0.7445488178568309,-0.6642377905708019,,,,,,,,,,3,False
whole_blood,raw,ENSG00000221673.2,U3,0.07692307692307691,879.5307117069385,-0.9960705235086229,0.0008686316791947386,2.7692307692307696,540.2547047271429,0.0,6.397555005458513,1.2955742606925068e-09,-1.0,-0.6642377905708019,-0.9989123074385379,0.017889955478565697,16.595240941716202,277.0408888609391,-1.0,-0.6642377905708019,879.4926918311247,0.0,1.13944809400357e-06,803,True
adipose_subcutaneous,excluded_at_or_below_-1,ENSG00000222666.2,U3,0.060059752348351716,1.2470179452771595,-0.7874785073478414,0.1513332082153997,5.41253070890759,9.901188131396038,0.0,0.968604625201922,0.6255812320771462,-0.8911276656674041,0.2720351367965934,-0.6539023824183505,0.3128263321551713,2.379651073647546,4.693009515121413,-0.8911276656674041,0.2720351367965934,1.2469888029285783,0.0,0.7800927917224658,12,True
adipose_subcutaneous,raw,ENSG00000222666.2,U3,2.025402567264061,650.2172154978385,-0.9841287152204238,0.014102515171032332,2637.4990476558573,125.96929941506693,0.0,1.5915874519792754,0.283232929089277,-1.0,0.2720351367965934,-0.9941832333179554,0.059092104358708215,15.90815990766392,307.53307961162835,-1.0,0.2720351367965934,646.9162386514416,0.0,183.22798114866555,714,True
adipose_visceral_omentum,excluded_at_or_below_-1,ENSG00000222666.2,U3,,,,,,,,,,-0.8024880933656351,-0.4075463115823261,,,,,,,,,,6,False
adipose_visceral_omentum,raw,ENSG00000222666.2,U3,0.5925396389104177,579.8540657236595,-0.9926102962873511,0.005470401210354605,15.477149799249792,151.25132329594834,0.0,1.9103935544188941,0.16242502305828443,-1.0,-0.4075463115823261,-0.9964492433132327,0.03773821392317555,11.922458892477232,153.3524304634535,-1.0,-0.4075463115823261,575.6578506591279,0.0,93.50123966699162,587,True
adrenal_gland,excluded_at_or_below_-1,ENSG00000222666.2,U3,,,,,,,,,,-0.846284146208598,-0.846284146208598,,,,,,,,,,1,False
adrenal_gland,raw,ENSG00000222666.2,U3,0.025656528632069613,313.45978955270164,-0.9981013155553671,8.985624979881072e-05,0.974358983732341,2389.393062497199,0.0,29.88267703447037,0.0,-1.0,-0.846284146208598,-0.9994789293091818,0.008949683018119272,17.0881070151303,290.0034013605448,-1.0,-0.846284146208598,85.67291122456658,0.0,0.0,295,True
artery_aorta,excluded_at_or_below_-1,ENSG00000222666.2,U3,,,,,,,,,,-0.7572426393962414,-0.2762256510783807,,,,,,,,,,8,False
artery_aorta,raw,ENSG00000222666.2,U3,0.20512820512820515,532.2245805774689,-0.9920081220719573,0.0028446624460555436,6.3589743589743595,355.8486454488378,0.0,3.973132970606171,0.0003835547781358558,-1.0,-0.2762256510783807,-0.9927187937370633,0.05949447431676052,9.097727744269037,88.87278111634058,-1.0,-0.2762256510783807,518.1168796116,0.0,0.19872620480787154,472,True
artery_coronary,excluded_at_or_below_-1,ENSG00000222666.2,U3,,,,,,,,,,-0.7503386500872655,-0.6453842266560833,,,,,,,,,,3,False
artery_coronary,raw,ENSG00000222666.2,U3,0.0769230769231834,385.2246472649503,-0.9965820812832716,0.0016584811739705197,2.769230779298079,299.4720572564865,0.0,2.9145142436039944,0.014398186802238408,-1.0,-0.6453842266560833,-0.9965206464300367,0.0331010930456553,9.563785641041195,90.9181581830114,-1.0,-0.6453842266560833,382.71210492749543,0.0,5.510360378223945,268,True
artery_tibial,excluded_at_or_below_-1,ENSG00000222666.2,U3,0.2561937908240629,0.8358435953205701,-0.7150807061385189,0.029180776650211952,11.027594975660225,9.911376783524528,0.0,4.659065040263202,1.933912854958345e-05,-0.8112155049807772,-0.5105701004483838,-0.6936296674700595,0.07993894082613749,0.6452830771437087,-0.0321789064285527,-0.8112155049807772,-0.5105701004483838,0.8357906076393898,0.0,1.6163462001672624e-05,16,True
artery_tibial,raw,ENSG00000222666.2,U3,0.41025641025637993,921.3991731594605,-0.9951723484167473,0.002310650984223001,23.435897435914537,296.5965332336006,0.0,2.954721587147834,0.01272557687558574,-1.0,-0.5105701004483838,-0.9929060415043719,0.04759253305222967,6.989151399259754,49.986886788408924,-1.0,-0.5105701004483838,920.4336428236496,0.0,11.713049080627815,691,True
bladder,excluded_at_or_below_-1,ENSG00000222666.2,U3,,,,,,,,,,-0.8160092259113055,-0.6914375833258624,,,,,,,,,,3,False
bladder,raw,ENSG00000222666.2,U3,0.07692307692307691,75.92381504837213,-0.9962438420364292,0.0006172670033156152,2.7692307692542366,698.3382274595357,0.0,8.605691711956812,8.805029418133234e-17,-1.0,-0.6914375833258624,-0.990951653103081,0.04651603772276987,5.210494594811206,26.710907350667654,-1.0,-0.6914375833258624,71.55587296247288,0.0,6.300515664747763e-15,77,True
brain_amygdala,excluded_at_or_below_-1,ENSG00000222666.2,U3,,,,,,,,,,-0.8401977528174474,-0.3019318010734175,,,,,,,,,,7,False
brain_amygdala,raw,ENSG00000222666.2,U3,0.17948717948717952,193.34312144447492,-0.9920019155382896,0.0022306635807570535,9.743589743646808,437.49605421601433,0.0,5.070688209702059,2.6239815993801213e-06,-1.0,-0.3019318010734175,-0.9860379876410035,0.08182709627788125,7.041727376864524,52.88510535308892,-1.0,-0.3019318010734175,192.35539585598838,0.0,0.0005047370192675926,181,True
brain_anterior_cingulate_cortex_ba24,excluded_at_or_below_-1,ENSG00000222666.2,U3,0.18835872549468036,7.212114550032393,-0.9246746470614228,0.03066351815656594,5.93113847318404,15.352255320440959,0.0,-1.4955360558043378,1.0,-0.8922478635677025,-0.591801188421529,-0.7791234861847344,0.11212941252365212,0.5095827458366796,-1.3224729617132234,-0.8922478635677025,-0.591801188421529,2.357137929571383,0.0,2.357137929571376,11,True
brain_anterior_cingulate_cortex_ba24,raw,ENSG00000222666.2,U3,0.282051282051282,237.3455755024137,-0.9944887069324788,0.0015664273550645396,11.897435897435898,363.55733206222527,0.0,4.9757464826578826,4.211966203456438e-06,-1.0,-0.591801188421529,-0.9895723534250305,0.052401195407259966,5.659010987545078,33.26616911018169,-1.0,-0.591801188421529,237.00273030451638,0.0,0.0009982474901695237,233,True
brain_caudate_basal_ganglia,excluded_at_or_below_-1,ENSG00000222666.2,U3,,,,,,,,,,-0.840735085768733,-0.8085207298809294,,,,,,,,,,2,False
brain_caudate_basal_ganglia,raw,ENSG00000222666.2,U3,0.05128205125149588,332.4454127733716,-0.9979146886438801,0.0009310828402019494,1.8974359104032579,287.66882338418037,0.0,3.1673611350801467,0.0068103137499879556,-1.0,-0.8085207298809294,-0.9988308527188322,0.014355676884041988,12.278871374677438,149.9999409796064,-1.0,-0.8085207298809294,323.66352802389224,0.0,2.204250175270805,300,True
brain_cerebellar_hemisphere,excluded_at_or_below_-1,ENSG00000222666.2,U3,0.38054080271009016,610279804626.6807,-1.6763331781506856,0.16271480212459802,12.631193446763524,11.203913427583624,0.0,-7.141945040790853,1.0,-0.854604264628603,-0.3872474241353777,-0.7119228019087539,0.14590418150597684,1.0206367433505446,-0.06196534796506237,-0.854604264628603,-0.3872474241353777,5.121738346436518,0.0,5.121738346436482,22,True
brain_cerebellar_hemisphere,raw,ENSG00000222666.2,U3,0.5641025641025641,260.4396762438398,-0.9921657698936502,0.0011447452213491313,27.58974359870048,747.3136491379471,0.0,9.678375817192185,0.0,-1.0,-0.3872474241353777,-0.9771202225342693,0.08780309597735629,4.439851144620676,21.057765804665777,-1.0,-0.3872474241353777,237.26751370855723,0.0,0.0,277,True
brain_cerebellum,excluded_at_or_below_-1,ENSG00000222666.2,U3,0.25641025641623283,3.2612048383914987,-0.7685693239543032,0.00104698634823804,9.435897436488096,293.8215349284211,0.0,78.53862030077973,0.0,-0.8267139107777965,-0.5510440900906177,-0.6935696085745177,0.0900696203280182,0.2065760093540531,-1.2167361315360274,-0.8267139107777965,-0.5510440900906177,3.188435848108049,0.0,0.0,13,True
brain_cerebellum,raw,ENSG00000222666.2,U3,0.9447090831832163,250.7595053412498,-0.9943882962342344,0.0037869496065390915,32.997150936674814,165.56422827628768,0.0,2.0956570322093437,0.11229878504875347,-1.0,-0.5510440900906177,-0.9850240786145441,0.06891030630407918,4.712293422068387,21.653105167025817,-1.0,-0.5510440900906177,248.439007197639,0.0,27.899398667013365,266,True
brain_cortex,excluded_at_or_below_-1,ENSG00000222666.2,U3,0.3768261257616723,3.286625162652225,-0.8100057095722224,0.01599596965194136,14.846775086933278,31.0972515011219,0.0,5.81576635012799,4.523915102350191e-08,-0.875787020482099,-0.4582690946043746,-0.7491384223850269,0.12387203256347086,1.368899798168853,0.6334764493005252,-0.875787020482099,-0.4582690946043746,3.2857504854445976,0.0,1.4864456243657287e-07,24,True
brain_cortex,raw,ENSG00000222666.2,U3,0.6153846153846154,247.40558199610868,-0.993222743462777,6.205201628529226e-05,49.23076932234677,12192.008426901739,,154.45893114184437,,-1.0,-0.4582690946043746,-0.9777011931008912,0.08017224172403303,4.2238033341790135,19.45221350963429,-1.0,-0.4582690946043746,0.0,0.0,0.0,270,True
brain_frontal_cortex_ba9,excluded_at_or_below_-1,ENSG00000222666.2,U3,0.14145692468048185,1.6544274107440162,-0.8248591466576822,0.09557183259542083,11.78027276706638,8.957435264924646,0.0,0.5428684816055703,0.8629948591209764,-0.8615459222803659,-0.2195202315173336,-0.7202833325398726,0.1566341264703003,1.9947615026011816,3.813564602692229,-0.8615459222803659,-0.2195202315173336,1.6544165755078826,0.0,1.4277529995078333,18,True
brain_frontal_cortex_ba9,raw,ENSG00000222666.2,U3,0.46154422478493445,314.2528326484623,-0.9903767633196577,0.00027890264941509086,33.69230769360307,3908.7321838103267,0.0,48.795921644387526,0.0,-1.0,-0.2195202315173336,-0.9812828995751587,0.0803720120628103,5.555897968346126,37.578299757864585,-1.0,-0.2195202315173336,12.241858959448942,0.0,0.0,269,True
brain_hippocampus,excluded_at_or_below_-1,ENSG00000222666.2,U3,,,,,,,,,,-0.8795020721229838,-0.7628217860568138,,,,,,,,,,5,False
brain_hippocampus,raw,ENSG00000222666.2,U3,0.12820512820512822,310.4328072555717,-0.997345208366818,0.0006653079173591826,4.3589743589743595,498.5153428527481,0.0,5.643164969122434,1.2539734505241985e-07,-1.0,-0.7628217860568138,-0.9965093646503858,0.02534727358254852,7.4319367082673145,55.40688584385951,-1.0,-0.7628217860568138,300.99402758421746,0.0,3.7743851935695405e-05,255,True
brain_hypothalamus,excluded_at_or_below_-1,ENSG00000222666.2,U3,0.19184156827094295,2.390290648520646,-0.8588374748699966,0.01849549935188825,7.94686751383977,22.650373919874315,0.0,-0.4964901818848723,1.0,-0.8523442307931534,-0.5626092478884337,-0.7748299856449191,0.08419059383059792,1.478306750267569,1.699604820780329,-0.8523442307931534,-0.5626092478884337,2.113116175555864,0.0,2.1131161755558625,11,True
brain_hypothalamus,raw,ENSG00000222666.2,U3,0.28205128202181706,288.3643911167723,-0.9954707364183103,0.0023450040565886885,11.897435898909974,261.0479866710651,0.0,2.731486099903022,0.02407642797235958,-1.0,-0.5626092478884337,-0.9903623729264363,0.04860259360907073,5.596177278354312,34.17269843642462,-1.0,-0.5626092478884337,287.21721606697406,0.0,6.915164615058179,257,True
brain_nucleus_accumbens_basal_ganglia,excluded_at_or_below_-1,ENSG00000222666.2,U3,0.2884962193916438,0.9790609655229385,-0.8330980741170904,0.0524046298544316,20.44490495303692,6.329237471755587,0.0,1.1268822853010834,0.5299806776006605,-0.8748554512360207,-0.5985639444828234,-0.772816613394391,0.088222159732804,0.9408156591368593,-0.4665512314668758,-0.8748554512360207,-0.5985639444828234,0.9790442082737119,0.0,0.518874512901904,23,True
brain_nucleus_accumbens_basal_ganglia,raw,ENSG00000222666.2,U3,0.6052632548553443,249.2981897788315,-0.9949830598060456,0.0036173599216647295,189.92182191041587,154.98078748438277,0.0,1.9613820624849172,0.14728247930859847,-1.0,-0.5985639444828234,-0.9816659021335823,0.06667432748465786,3.916359092405916,15.495565883073638,-1.0,-0.5985639444828234,247.28532700350766,0.0,36.42079605771412,285,True
brain_putamen_basal_ganglia,excluded_at_or_below_-1,ENSG00000222666.2,U3,,,,,,,,,,-0.8836565378571186,-0.7827990687586017,,,,,,,,,,6,False
brain_putamen_basal_ganglia,raw,ENSG00000222666.2,U3,0.15384615384615394,278.76958229892506,-0.9976163399220601,0.0009663369748376996,7.076923113995385,314.38049688864044,0.0,3.4884357093720597,0.0023367301804009615,-1.0,-0.7827990687586017,-0.9959720688197902,0.026542912715517022,6.687491081211784,44.24807306963946,-1.0,-0.7827990687586017,271.72659820367187,0.0,0.6349517428402258,254,True
brain_spinal_cord_cervical_c-1,excluded_at_or_below_-1,ENSG00000222666.2,U3,,,,,,,,,,-0.8556938381076539,-0.8556938381076539,,,,,,,,,,1,False
brain_spinal_cord_cervical_c-1,raw,ENSG00000222666.2,U3,-0.21402579065775415,192.7381530216627,-0.9982526518721128,0.0019526898443295352,146.39792734870022,103.24661053928985,0.0,1.2654971437585807,0.4494337876695996,-1.0,-0.8556938381076539,-0.9992926168534688,0.0101034522250187,14.177620608140625,199.004926108374,-1.0,-0.8556938381076539,192.55036874168792,0.0,86.53864154075487,204,True
brain_substantia_nigra,excluded_at_or_below_-1,ENSG00000222666.2,U3,,,,,,,,,,,,,,,,,,,,,0,False
brain_substantia_nigra,raw,ENSG00000222666.2,U3,0.0,183.0,-0.9875,1.0001e-06,0.0,-17675.90193946968,0.0,,,-1.0,-1.0,-1.0,0.0,,,,-1.0,1.4945409735764572e-187,0.0,,183,True
breast_mammary_tissue,excluded_at_or_below_-1,ENSG00000222666.2,U3,0.37424320377451753,3.4689524369317652,-0.7293302965004477,0.036602259315330475,22.88230971891249,25.117685218566848,0.0,3.792409453444602,0.0007533536301243078,-0.8274843221286285,-0.0792417580847186,-0.606093319773633,0.2010409491655197,1.1812091510301572,0.4240700811453917,-0.8274843221286285,-0.0792417580847186,3.468227781857128,0.0,0.002612801989560043,27,True
breast_mammary_tissue,raw,ENSG00000222666.2,U3,0.6923045416143803,588.5672929070606,-0.9907070946016744,0.0050738312426575225,64.30769232858654,254.04996321085613,0.0,2.590183279583974,0.034932605258354475,-1.0,-0.0792417580847186,-0.9793084039569807,0.09892379708895174,5.6854799100981035,35.90949435329114,-1.0,-0.0792417580847186,588.4554327302253,0.0,20.556281343699126,514,True
cells_cultured_fibroblasts,excluded_at_or_below_-1,ENSG00000222666.2,U3,,,,,,,,,,-0.8144442224736668,-0.6835553205508301,,,,,,,,,,4,False
cells_cultured_fibroblasts,raw,ENSG00000222666.2,U3,0.102564102536805,649.6191436251113,-0.9961236349272741,0.0015372697924358244,3.589743590014523,287.5476715501244,0.0,3.5660676385713055,0.001755573655301462,-1.0,-0.6835553205508301,-0.9984523582004159,0.02007353291926203,13.308504672650628,180.16409154148522,-1.0,-0.6835553205508301,640.9341126137388,0.0,1.1252070428886811,652,True
cells_ebv-transformed_lymphocytes,excluded_at_or_below_-1,ENSG00000222666.2,U3,,,,,,,,,,-0.6886224428271874,-0.6365193865411658,,,,,,,,,,3,False
cells_ebv-transformed_lymphocytes,raw,ENSG00000222666.2,U3,0.07692307690082771,326.42736018941474,-0.9956136703302876,0.0017910498588277661,2.769230769366156,283.5409655416324,0.0,3.463447361541906,0.002499307240017249,-1.0,-0.6365193865411658,-0.9968707870240542,0.03263719849250349,10.359718657275048,105.74586604799146,-1.0,-0.6365193865411658,324.4772156943512,0.0,0.8109682544055301,327,True
cervix_ectocervix,excluded_at_or_below_-1,ENSG00000222666.2,U3,,,,,,,,,,,,,,,,,,,,,0,False
cervix_ectocervix,raw,ENSG00000222666.2,U3,0.0,24.0,-0.9875,1.0001e-06,0.0,-17675.90193946968,0.0,,,-1.0,-1.0,-1.0,0.0,,,,-1.0,1.9600537358379766e-188,0.0,,24,True
cervix_endocervix,excluded_at_or_below_-1,ENSG00000222666.2,U3,,,,,,,,,,,,,,,,,,,,,0,False
cervix_endocervix,raw,ENSG00000222666.2,U3,0.0,23.0,-0.9875,1.0001e-06,0.0,-17675.90193946968,0.0,,,-1.0,-1.0,-1.0,0.0,,,,-1.0,1.878384830178061e-188,0.0,,23,True
colon_sigmoid,excluded_at_or_below_-1,ENSG00000222666.2,U3,,,,,,,,,,-0.7635171782018394,-0.4387462139806534,,,,,,,,,,5,False
colon_sigmoid,raw,ENSG00000222666.2,U3,0.18435433860993045,386.39948861478405,-0.9930122342659372,0.006638134714358685,779.0669731521671,118.08294901796638,0.0,1.4887002896193013,0.3315621039279478,-1.0,-0.4387462139806534,-0.9961459761548654,0.03752670890313569,11.100914730940467,136.82897737799271,-1.0,-0.4387462139806534,384.7899678813577,0.0,127.58177132111045,419,True
colon_transverse,excluded_at_or_below_-1,ENSG00000222666.2,U3,,,,,,,,,,-0.8469599815504353,-0.5004923649201644,,,,,,,,,,7,False
colon_transverse,raw,ENSG00000222666.2,U3,-0.326532591667817,434.740798896204,-0.9937780396945232,0.005941416166714813,1452.1531496563173,117.41498521824506,0.0,1.4809904577712387,0.3353853171965247,-1.0,-0.5004923649201644,-0.9958846954571156,0.036376050550273056,9.905680092246913,106.51739105171579,-1.0,-0.5004923649201644,432.92254341119417,0.0,145.1958645434896,479,True
esophagus_gastroesophageal_junction,excluded_at_or_below_-1,ENSG00000222666.2,U3,,,,,,,,,,-0.8436486908220879,-0.647300223330228,,,,,,,,,,6,False
esophagus_gastroesophageal_junction,raw,ENSG00000222666.2,U3,0.15384615384570854,441.38417861399944,-0.9961029368424608,0.0015689094047251246,5.076923091853004,314.41046025723875,0.0,3.5128093146858146,0.0021347323253023136,-1.0,-0.647300223330228,-0.9964957407230591,0.02979145633481461,9.065673661482448,85.79677268748809,-1.0,-0.647300223330228,432.42764759862547,0.0,0.9231172776832224,403,True
esophagus_mucosa,excluded_at_or_below_-1,ENSG00000222666.2,U3,0.20555305199038662,3.788583268215371,-0.7227645437723696,0.0024660919872129426,8.359015818181641,175.88424642054093,0.0,79.94915965822956,0.0,-0.8621791182491698,-0.4160592891240958,-0.7043917051101717,0.11662264546697217,1.055967749657339,1.2909855093155462,-0.8621791182491698,-0.4160592891240958,3.7760827426505155,0.0,0.0,12,True
esophagus_mucosa,raw,ENSG00000222666.2,U3,0.3076923076923802,665.4212234074175,-0.993506030046758,0.0025380060366811605,12.30769231406325,321.7616509804867,0.0,3.618533702751867,0.0014590315315311107,-1.0,-0.4160592891240958,-0.9942226391878211,0.0438320685776179,8.525850726684311,80.45896983190538,-1.0,-0.4160592891240958,654.2631089042975,0.0,0.9545905058089422,614,True
esophagus_muscularis,excluded_at_or_below_-1,ENSG00000222666.2,U3,,,,,,,,,,-0.7669034309656937,-0.4704348890927038,,,,,,,,,,5,False
esophagus_muscularis,raw,ENSG00000222666.2,U3,0.12820512820512822,578.2474465999002,-0.9935343813065104,0.0007749335495557258,6.358974358974472,954.6294605303407,0.0,11.79941899625909,0.0,-1.0,-0.4704348890927038,-0.9971443891795082,0.031960462971196396,12.484879225284853,169.98241002496474,-1.0,-0.4704348890927038,508.86872185399585,0.0,0.0,561,True
fallopian_tube,excluded_at_or_below_-1,ENSG00000222666.2,U3,,,,,,,,,,-0.8273819181762997,-0.7711419148494018,,,,,,,,,,3,False
fallopian_tube,raw,ENSG00000222666.2,U3,0.0769230769230765,40.719483024970295,-0.9978695929409869,0.00108679733011417,2.7692307692308935,295.0332582145716,0.0,2.7722285220516607,0.021918865404777034,-1.0,-0.7711419148494018,-0.9785748953855892,0.06469595111572174,2.6762511756155893,5.297270344426803,-1.0,-0.7711419148494018,39.824757476431245,0.0,0.8729134989038083,29,True
heart_atrial_appendage,excluded_at_or_below_-1,ENSG00000222666.2,U3,,,,,,,,,,-0.84224094224873,-0.8022792627416865,,,,,,,,,,3,False
heart_atrial_appendage,raw,ENSG00000222666.2,U3,0.07692303666987481,508.8540638900535,-0.9978535491758377,0.001000959863066199,2.7692307960920592,276.31858032685676,0.0,3.0326289579674737,0.010342142587545134,-1.0,-0.8022792627416865,-0.9988221054329973,0.01463387623216827,12.431857526789123,153.7355623617073,-1.0,-0.8022792627416865,495.3528235664255,0.0,5.123009532467219,461,True
heart_left_ventricle,excluded_at_or_below_-1,ENSG00000222666.2,U3,,,,,,,,,,-0.8127846106883891,-0.7492384778838989,,,,,,,,,,2,False
heart_left_ventricle,raw,ENSG00000222666.2,U3,0.05128205128174399,484.5016258285721,-0.9971856997880384,0.001177249825992313,1.8974358974371295,297.85549016666846,0.0,3.3807790330237113,0.003328938683362956,-1.0,-0.7492384778838989,-0.9990310245322396,0.014703767718313172,15.394020183183223,239.29596163422937,-1.0,-0.7492384778838989,479.80947184024393,0.0,1.5972563114529366,452,True
kidney_cortex,excluded_at_or_below_-1,ENSG00000222666.2,U3,,,,,,,,,,-0.7587089380662848,-0.7575291945898592,,,,,,,,,,2,False
kidney_cortex,raw,ENSG00000222666.2,U3,0.05128205132820761,106.54989576099823,-0.9971990152877498,0.0010942209725220454,3.897435898314052,309.7585583113616,0.0,3.620101119917354,0.001427714441223687,-1.0,-0.7575291945898592,-0.9953484435832322,0.03337972502855085,7.001466649415518,47.02085673365424,-1.0,-0.7575291945898592,106.45557129958186,0.0,0.15198815649313088,104,True
kidney_medulla,excluded_at_or_below_-1,ENSG00000222666.2,U3,,,,,,,,,,,,,,,,,,,,,0,False
kidney_medulla,raw,ENSG00000222666.2,U3,0.0,11.0,-0.9875,1.0001e-06,0.0,-17675.90193946968,0.0,,,-1.0,-1.0,-1.0,0.0,,,,-1.0,8.983579622590726e-189,0.0,,11,True
liver,excluded_at_or_below_-1,ENSG00000222666.2,U3,,,,,,,,,,-0.7614515715829282,-0.7614515715829282,,,,,,,,,,1,False
liver,raw,ENSG00000222666.2,U3,0.025641025641025654,281.5790699935609,-0.9972504930753546,0.0008428643996436664,0.9743589770348355,395.6390054064659,0.0,4.613304327856779,2.3957385709482695e-05,-1.0,-0.7614515715829282,-0.9990895098152021,0.01473757112528141,16.093595975344503,257.00383141762467,-1.0,-0.7614515715829282,281.00115700934225,0.0,0.006732053103283717,262,True
lung,excluded_at_or_below_-1,ENSG00000222666.2,U3,0.09762742855272794,0.606584876730461,-0.8015833627631939,0.13544710040322608,5.980827848787972,4.9155142377703935,0.0,0.26414003538159425,0.9657237213902687,-0.8268815234121467,-0.3307972182861507,-0.6671265171491946,0.16904661115456276,1.2029031136076926,0.03245134139124195,-0.8268815234121467,-0.3307972182861507,0.6065767744673057,0.0,0.5857855799474723,11,True
lung,raw,ENSG00000222666.2,U3,0.28205111323958815,664.1676296553576,-0.9927713094069156,0.0033682783405253438,9.897435914005992,277.93805705990906,0.0,3.0350556698186804,0.010240121298447227,-1.0,-0.3307972182861507,-0.993937734583843,0.04958237258038946,9.795701336038116,107.91595171646675,-1.0,-0.3307972182861507,648.1971710333293,0.0,6.637617656691631,604,True
minor_salivary_gland,excluded_at_or_below_-1,ENSG00000222666.2,U3,,,,,,,,,,-0.8463217563628778,-0.6648209106335621,,,,,,,,,,3,False
minor_salivary_gland,raw,ENSG00000222666.2,U3,0.07692307721203843,179.9550226494476,-0.995976626770191,0.0015611903012742799,2.7692307693817533,299.9793840863204,0.0,3.644596679495581,0.0013110909724431056,-1.0,-0.6648209106335621,-0.9963454821282709,0.03012372907969326,9.095256007764426,87.9175648462275,-1.0,-0.6648209106335621,179.12074873692862,0.0,0.23484359664623683,181,True
muscle_skeletal,excluded_at_or_below_-1,ENSG00000222666.2,U3,,,,,,,,,,-0.8266614558625436,-0.8266614558625436,,,,,,,,,,1,False
muscle_skeletal,raw,ENSG00000222666.2,U3,2.737886737587009,783.0049557913492,-0.99786735779886,0.0021569167359956967,1516.4894004005528,112.25361852685813,0.0,1.398297613537312,0.37713278179035253,-1.0,-0.8266614558625436,-0.9997880946893185,0.006060640069210872,28.548226284485818,813.0012239902081,-1.0,-0.8266614558625436,781.0810052706089,0.0,294.57125232130966,818,True
nerve_tibial,excluded_at_or_below_-1,ENSG00000222666.2,U3,0.4171953661203243,1.4482577061463957,-0.6502987844205239,0.0701375788358129,23.426350131020108,7.018496022798552,0.0,3.1184204868733882,0.0077329667156139465,-0.8049560925955918,-0.3022181753774001,-0.6107776408504962,0.127483477699844,0.79201128461681,0.25744996735474013,-0.8049560925955918,-0.3022181753774001,1.4482425407787756,0.0,0.011199211363978445,31,True
nerve_tibial,raw,ENSG00000222666.2,U3,0.794871794871795,659.4917230685577,-0.9915476938026491,0.001490458643991519,38.35897544837505,654.0665571842923,0.0,8.019924676079686,1.1236078809240048e-14,-1.0,-0.3022181753774001,-0.9819912042781572,0.0861620149666891,5.082670304360483,26.571589826168545,-1.0,-0.3022181753774001,633.6605837141219,0.0,7.119860256921129e-12,670,True
ovary,excluded_at_or_below_-1,ENSG00000222666.2,U3,,,,,,,,,,-0.7164278347611197,-0.4816098931493218,,,,,,,,,,3,False
ovary,raw,ENSG00000222666.2,U3,0.07692307692307691,272.30515129099865,-0.9945349382502662,0.0016906435315264727,2.7692307692307696,429.0588416398107,0.0,4.5714926307984545,2.9731846200654243e-05,-1.0,-0.4816098931493218,-0.9939442802764661,0.04982259845735419,8.56087237270172,74.96956312987233,-1.0,-0.4816098931493218,265.3216077899945,0.0,0.007888501236522405,193,True
pancreas,excluded_at_or_below_-1,ENSG00000222666.2,U3,,,,,,,,,,-0.849314255582488,-0.614127248220492,,,,,,,,,,2,False
pancreas,raw,ENSG00000222666.2,U3,0.05128205128205128,403.74630492899524,-0.9952974233908605,0.0003565876379003064,1.8974358974358976,1511.7070083309252,0.0,18.650247265731604,0.0,-1.0,-0.614127248220492,-0.9985177942094005,0.02175210907891144,16.202510229759998,274.0306074658315,-1.0,-0.614127248220492,301.02695984355717,0.0,0.0,362,True
pituitary,excluded_at_or_below_-1,ENSG00000222666.2,U3,,,,,,,,,,-0.7574889514890912,-0.5169442315280028,,,,,,,,,,6,False
pituitary,raw,ENSG00000222666.2,U3,0.1538461538461538,308.1826644417963,-0.994022137035934,0.0009151859265820742,7.076923076923078,737.2163673862611,0.0,9.237439772881482,3.08385371916998e-19,-1.0,-0.5169442315280028,-0.9940237430268233,0.0443193942593007,7.865699123791943,64.99431878256756,-1.0,-0.5169442315280028,270.0086788464784,0.0,8.326672684688674e-17,313,True
prostate,excluded_at_or_below_-1,ENSG00000222666.2,U3,,,,,,,,,,-0.7355512442876884,-0.6359162058143955,,,,,,,,,,6,False
prostate,raw,ENSG00000222666.2,U3,0.15384735929272936,290.7382402639473,-0.995827401651787,0.001650429382899744,5.076923076980165,308.3993169758521,0.0,3.575399975011879,0.0016794889590919723,-1.0,-0.6359162058143955,-0.9931457800814042,0.04679218735201336,6.728537976022121,43.66263512863027,-1.0,-0.6359162058143955,290.01904016618863,0.0,0.48708377588556495,282,True
skin_not_sun_exposed_suprapubic,excluded_at_or_below_-1,ENSG00000222666.2,U3,0.24279042400191803,1.1108972681589946,-0.7480926475683961,0.06963485916429579,18.436462530402267,8.526779625926864,0.0,2.1167152363772703,0.10643304184301325,-0.8523181841476897,-0.3282401485016682,-0.686710101782217,0.12596435700969405,1.2263490027262867,1.3370240790879029,-0.8523181841476897,-0.3282401485016682,1.110894502794872,0.0,0.11823588109914002,20,True
skin_not_sun_exposed_suprapubic,raw,ENSG00000222666.2,U3,0.5128435751746184,688.4141310868522,-0.9918671190902347,0.0008908564339052897,29.74358976433276,1053.4921525444115,0.0,12.910756487817057,0.0,-1.0,-0.3282401485016682,-0.9903751183343231,0.05823265021325648,6.857380524558642,52.16693806645359,-1.0,-0.3282401485016682,622.5108724637101,0.0,0.0,651,True
skin_sun_exposed_lower_leg,excluded_at_or_below_-1,ENSG00000222666.2,U3,0.3654401876257016,1.5794554341121234,-0.7332245525415702,0.037948288634932326,12.169341899153899,13.309873765022559,0.0,5.582771608000474,1.706468869167849e-07,-0.8830298110965829,-0.3760741583097134,-0.6478404501732735,0.13739268429947463,0.4685678765270802,-0.9004044338428838,-0.8830298110965829,-0.3760741583097134,1.579455419326127,0.0,2.6952915033184865e-07,23,True
skin_sun_exposed_lower_leg,raw,ENSG00000222666.2,U3,0.5897435897435899,911.8311037257445,-0.9929797366784939,0.0016534961697585715,25.435897435897438,527.6312407546326,0.0,6.004339037661133,1.524251410602697e-08,-1.0,-0.3760741583097134,-0.9892577325649672,0.0649921406239505,6.612170898326023,45.77524543952557,-1.0,-0.3760741583097134,887.6597212428114,0.0,1.353016582239519e-05,754,True
small_intestine_terminal_ileum,excluded_at_or_below_-1,ENSG00000222666.2,U3,,,,,,,,,,-0.798556838082243,-0.798556838082243,,,,,,,,,,1,False
small_intestine_terminal_ileum,raw,ENSG00000222666.2,U3,-0.1568662056661628,195.71585944959475,-0.997501911988519,0.002453087437084767,118.5046786053992,114.69253701773012,0.0,1.4401565522819453,0.3557312140373357,-1.0,-0.798556838082243,-0.9990268446284166,0.014001267624361848,14.283026792978156,202.0048543689319,-1.0,-0.798556838082243,195.04266182509005,0.0,69.3827628801128,207,True
spleen,excluded_at_or_below_-1,ENSG00000222666.2,U3,,,,,,,,,,-0.7993399729537218,-0.2987064591013091,,,,,,,,,,5,False
spleen,raw,ENSG00000222666.2,U3,0.12820512820513774,311.3542607152369,-0.9922884161127017,0.002863850550714057,4.358974362353337,342.50146537088636,0.0,3.808099035781138,0.0007301454964492207,-1.0,-0.2987064591013091,-0.9928674465157409,0.05769754378462285,9.231683334639703,92.60081529081516,-1.0,-0.2987064591013091,302.59309015865244,0.0,0.2209369820359957,277,True
stomach,excluded_at_or_below_-1,ENSG00000222666.2,U3,0.26084399649683115,0.7049269475758905,-0.8593265019171923,0.2044883944725979,21.256013485375465,2.9204070269195594,0.0,0.09510809616804337,0.9954232324567386,-0.8730786694852316,-0.4370498670225509,-0.7080232237278716,0.12640188080258988,0.6751999203365256,-0.3995662038193175,-0.8730786694852316,-0.4370498670225509,0.6950152459020932,0.0,0.6918343226825767,23,True
stomach,raw,ENSG00000222666.2,U3,0.5897435897431419,399.613533089768,-0.992464591482124,0.0024503774995250508,23.435897435922946,320.552664324044,0.0,4.3489939513678255,7.815419973376079e-05,-1.0,-0.4370498670225509,-0.9835000838961696,0.07363635568081285,4.934460223971892,25.454885719594746,-1.0,-0.4370498670225509,399.59457932121074,0.0,0.031229994564798025,407,True
testis,excluded_at_or_below_-1,ENSG00000222666.2,U3,1.8199694506373312,8.371942762637682,-0.7686339835673398,0.08201656012199082,222.2345960763102,12.28139690313719,0.0,2.190786857882525,0.09074127895205211,-0.8956874971416824,-0.056380930500914,-0.6340117658626768,0.17901280729349373,0.8502469232808819,-0.11639590885690643,-0.8956874971416824,-0.056380930500914,8.371686432924484,0.0,0.7596575339091107,130,True
testis,raw,ENSG00000222666.2,U3,3.3333333408985384,347.2302743144759,-0.9900025453680745,0.003897003266094131,574.6666666666667,338.80914634006785,0.0,3.6280533949487026,0.001413352509783075,-1.0,-0.056380930500914,-0.8850761583626762,0.19731331179740577,1.6935834557244585,2.0248888960433984,-1.0,-0.056380930500914,340.49252983808,0.0,0.48123597160903486,414,True
thyroid,excluded_at_or_below_-1,ENSG00000222666.2,U3,0.1631097130047875,1.1134995439416886,-0.7007257081393587,0.10904536121664847,17.48101185672745,5.0129167441116955,0.0,2.060237632373335,0.11975592613365597,-0.8595838627997463,-0.3141961685743628,-0.6682558021905005,0.13497978622566267,1.1754315375437412,1.0947036306595352,-0.8595838627997463,-0.3141961685743628,1.1134782042039157,0.0,0.13334561357408004,22,True
thyroid,raw,ENSG00000222666.2,U3,0.5641025641025641,666.0545346169853,-0.9916396550360514,0.002543862315638537,35.58974358994774,376.61227197941076,0.0,4.647780330503476,2.0760936503336306e-05,-1.0,-0.3141961685743628,-0.9893298649827353,0.06317523630393773,6.713085954576815,49.826222335046786,-1.0,-0.3141961685743628,653.8499823923017,0.0,0.013574537967154132,684,True
uterus,excluded_at_or_below_-1,ENSG00000222666.2,U3,,,,,,,,,,-0.7835116094643767,-0.6273342414096599,,,,,,,,,,3,False
uterus,raw,ENSG00000222666.2,U3,0.07692307692307673,164.6264857903074,-0.9958302595519378,0.0015973469952698296,2.76923076923077,326.24850334993124,0.0,3.691685970980387,0.0011128647959849265,-1.0,-0.6273342414096599,-0.9938790772097962,0.04447535568743821,7.371720718066063,53.812097927218275,-1.0,-0.6273342414096599,162.42627756883078,0.0,0.1807584862492278,153,True
vagina,excluded_at_or_below_-1,ENSG00000222666.2,U3,,,,,,,,,,-0.7254389453515786,-0.3836394797281056,,,,,,,,,,6,False
vagina,raw,ENSG00000222666.2,U3,0.1538461523659791,168.99287313548143,-0.9917364378414997,0.00317888384055231,5.076923094248722,270.5285907057146,0.0,3.676272007483608,0.001162260478954822,-1.0,-0.3836394797281056,-0.9856604343077002,0.07782270801444587,5.6357454967759475,32.247686465439116,-1.0,-0.3836394797281056,168.9760667574614,0.0,0.1963942042814289,170,True
whole_blood,excluded_at_or_below_-1,ENSG00000222666.2,U3,0.21052634809064294,4.945788983671182,-0.7664801740220074,0.003414921003028375,8.31578995155414,126.44899315684744,0.0,26.822513699939847,0.0,-0.8312488679625722,-0.4611420454450808,-0.6652161035841532,0.12012796767222567,0.3647985826767144,-1.0004949375853005,-0.8312488679625722,-0.4611420454450808,4.940832961888173,0.0,0.0,10,True
whole_blood,raw,ENSG00000222666.2,U3,0.0842070414761339,721.9492188059454,-0.9932956492604246,0.006608881206509206,5174.389373553465,113.87386461722896,0.0,1.4346427854498705,0.35868738840782965,-1.0,-0.4611420454450808,-0.9958308356610729,0.03926890223764153,10.210096551628464,109.9672679421264,-1.0,-0.4611420454450808,719.2139616073197,0.0,257.97297759537855,803,True
adipose_subcutaneous,excluded_at_or_below_-1,ENSG00000238297.2,U3,3.2603491780573894,36.16059710325577,-0.7120214761724994,0.08214879544553173,694.4166134372953,25.731634555829707,0.0,3.117286048419344,0.007760964809897334,-0.8930982956502437,0.7826769483419487,-0.5331183688172252,0.28439013628626125,1.8918414483706627,4.338749874015493,-0.8930982956502437,0.7826769483419487,36.15743201461278,0.0,0.28061655748166503,256,True
adipose_subcutaneous,raw,ENSG00000238297.2,U3,6.718317846152971,418.4872766979813,-0.9777334117571246,0.017490750078252012,5054.890015714135,142.3378754745216,0.0,1.800363674511937,0.1991029541258368,-1.0,0.7826769483419487,-0.8326026644498734,0.28129807693362596,2.164774960673735,5.743065678137665,-1.0,0.7826769483419487,415.6838675892221,0.0,82.76388601946731,714,True
adipose_visceral_omentum,excluded_at_or_below_-1,ENSG00000238297.2,U3,6.887768939410983,59.06870331814132,-0.6889602830847523,0.13298243785735706,2614.7212149124125,39.039237323905105,0.0,1.7715603432636,0.20820897521658158,-0.8555450334553316,2.982007871621152,-0.13405115724597388,0.657520357418336,1.4849708694220016,2.4595296047818493,-0.8555450334553316,2.982007871621152,59.06870273862909,0.0,12.298634064582846,416,True
adipose_visceral_omentum,raw,ENSG00000238297.2,U3,10.587304009874979,356595586651.0633,-2.0810922013408675,0.24376314818372777,7954.970822134329,29.374024926188888,0.0,-6.272052460364886,1.0,-1.0,2.982007871621152,-0.3863122340959542,0.6791525052830311,1.5152154303298913,2.5718555966028394,-1.0,2.982007871621152,1023.0535732261412,0.0,1023.0535732261337,587,True
adrenal_gland,excluded_at_or_below_-1,ENSG00000238297.2,U3,0.5426969520015636,10.118373303554549,-0.7913518487245648,0.14281962955855285,48.78687632597836,13.893024492932867,0.0,0.7283449309261156,0.767025377432587,-0.8649064772427395,0.6116870304946593,-0.6436853312804675,0.24015721458550504,2.5709709789458923,9.039930166087915,-0.8649064772427395,0.6116870304946593,10.118294606652011,0.0,7.760988739641368,75,True
adrenal_gland,raw,ENSG00000238297.2,U3,1.9230769094442821,234.96947732524683,-0.9817471259085044,0.006931187520547097,426.7692307692309,325.1183419945929,0.0,3.7242481199591544,0.0009799855894947762,-1.0,0.6116870304946593,-0.9094115249018139,0.19664833282349609,3.254408006111957,15.037648780244176,-1.0,0.6116870304946593,233.32125563736662,0.0,0.2286514682474461,295,True
artery_aorta,excluded_at_or_below_-1,ENSG00000238297.2,U3,2.399269242940585,15.576481602857523,-0.6044060465775919,0.14139832316445775,205.55338465970195,16.827741236785076,0.0,2.1768483393891365,0.09355008146372358,-0.8220554265315329,1.0780940063380902,-0.33617372581494886,0.3660641094053567,1.1586734656234539,0.8897951002891387,-0.8220554265315329,1.0780940063380902,15.575297977094552,0.0,1.4570703945789645,177,True
artery_aorta,raw,ENSG00000238297.2,U3,4.5384615384511235,410.02499195333667,-0.980574278704985,0.011156325406964224,1065.6923076965566,260.96375848967864,0.0,2.462470169357096,0.048979265187045706,-1.0,1.0780940063380902,-0.7510651471806058,0.3918845461981201,1.6746688363699567,2.36889993366304,-1.0,1.0780940063380902,403.7099506637348,0.0,19.773416732208204,472,True
artery_coronary,excluded_at_or_below_-1,ENSG00000238297.2,U3,0.315216159206758,31.262168458191876,-1.83982217070754,0.9264174979839352,62.91303099806166,3.7592690783071765,0.0,-1.6245284168587903,1.0,-0.7756324391194052,0.6227851372931748,-0.4415699151608775,0.3169739703137841,1.4324336274750815,1.722125021715489,-0.7756324391194052,0.6227851372931748,8.328333442252365,0.0,8.328333442252367,89,True
artery_coronary,raw,ENSG00000238297.2,U3,2.282051288800179,225.37070287946736,-0.983574402101212,0.00782572802562049,287.89743589748247,290.2906207858939,0.0,2.968324894821703,0.012216096651205438,-1.0,0.6227851372931748,-0.8145512031690973,0.3202226130324661,1.983945985537824,3.9421548209346566,-1.0,0.6227851372931748,225.2635552661924,0.0,2.751841363125964,268,True
artery_tibial,excluded_at_or_below_-1,ENSG00000238297.2,U3,0.7489692105881376,8.926180147043333,-0.6449569594672224,0.15215649130714612,122.93762277480492,11.397881763540692,0.0,1.5658881427025042,0.2934718184960194,-0.8134322533777608,0.5813512471687772,-0.516631097169928,0.24126362911299487,1.914751932211603,4.834649793533413,-0.8134322533777608,0.5813512471687772,8.925919732650186,0.0,2.619505895690353,95,True
artery_tibial,raw,ENSG00000238297.2,U3,2.4358974372831463,659.3593785809235,-0.9827836539512135,0.007866526084824198,537.589743590938,281.1941086437554,0.0,3.0950879478646796,0.008531546070074983,-1.0,0.5813512471687772,-0.9335455198714083,0.1888803563221704,3.458180251126664,14.390271913148226,-1.0,0.5813512471687772,642.5654669332017,0.0,5.4820768841798255,691,True
bladder,excluded_at_or_below_-1,ENSG00000238297.2,U3,0.10980705009685328,2599659231489.014,-12.440299254996823,2.243388950706,42.34793028759408,8.358843334067458,0.0,-7.338124777296984,1.0,-0.7997178871687749,0.8194638212833667,-0.5076120882897922,0.35723248512708966,2.333772894709058,5.6234919724326105,-0.7997178871687749,0.8194638212833667,5.270008877673232,0.0,5.270008877673232,32,True
bladder,raw,ENSG00000238297.2,U3,0.8205128205128206,48.0431229178499,-0.9793697304819481,0.007297663995702364,91.74358974359163,348.59577076396107,0.0,3.997937828464474,0.00034078883900777777,-1.0,0.8194638212833667,-0.7953712574710824,0.33423358649163876,2.496572871775865,7.915021399877951,-1.0,0.8194638212833667,47.68386470454959,0.0,0.01625012889206745,77,True
brain_amygdala,excluded_at_or_below_-1,ENSG00000238297.2,U3,,,,,,,,,,-0.866151119779466,-0.6021160085853579,,,,,,,,,,5,False
brain_amygdala,raw,ENSG00000238297.2,U3,0.12820512820458535,204.47357014562573,-0.9957867119643339,0.0019585309849415194,4.358974358979846,284.2612407503614,0.0,3.042325665529944,0.009908684809231311,-1.0,-0.6021160085853579,-0.9929991201515964,0.04468191637683803,6.938310263026451,49.96703065894056,-1.0,-0.6021160085853579,201.72586084893382,0.0,1.9988379730229655,181,True
brain_anterior_cingulate_cortex_ba24,excluded_at_or_below_-1,ENSG00000238297.2,U3,,,,,,,,,,-0.8232636289582023,-0.5839071946880084,,,,,,,,,,4,False
brain_anterior_cingulate_cortex_ba24,raw,ENSG00000238297.2,U3,0.10256410256347526,259.72214429417096,-0.9954946333268959,0.0019575471692264233,3.5897435933313444,297.34789892983275,0.0,3.2548644307178316,0.0051572719650033955,-1.0,-0.5839071946880084,-0.9958424100595319,0.03418290507058513,9.462380025217106,98.40796950405208,-1.0,-0.5839071946880084,252.11584414074903,0.0,1.3002299749202753,233,True
brain_caudate_basal_ganglia,excluded_at_or_below_-1,ENSG00000238297.2,U3,0.17508090716638913,1.5308749553760213,-0.8339601943013454,0.017108634176494508,5.615233499956281,24.9574611040676,0.0,5.761097321449813,6.207205772991329e-08,-0.903655825251506,-0.5320340331018418,-0.791192752932087,0.09354278841576445,1.8102678204686553,3.098717597103037,-0.903655825251506,-0.5320340331018418,1.530643400131071,0.0,9.501018549684659e-08,12,True
brain_caudate_basal_ganglia,raw,ENSG00000238297.2,U3,0.3076923138912527,406.390102760474,-0.9957477667790329,0.002717831492275124,16.307692326880108,241.29172580746737,0.0,2.2126338253705846,0.0878902457999977,-1.0,-0.5320340331018418,-0.9916477101172836,0.044741179103432005,6.358023973683423,47.081524982255004,-1.0,-0.5320340331018418,399.85651476551436,0.0,35.14348736747109,300,True
brain_cerebellar_hemisphere,excluded_at_or_below_-1,ENSG00000238297.2,U3,0.11008554850153798,2.274657596258899,-0.7727641527146389,0.16222353467871947,24.304737773190105,4.435611183604416,0.0,0.6900079257425835,0.7881514560308074,-0.8519145212646774,-0.2639580262500323,-0.7051613839435659,0.11939858472410497,1.5345710629337235,3.221386988581033,-0.8519145212646774,-0.2639580262500323,2.2745251128511157,0.0,1.792670279472243,38,True
brain_cerebellar_hemisphere,raw,ENSG00000238297.2,U3,0.997608648961536,237.6938335278564,-0.9908133916409526,0.006284095057669102,67.18176205926652,163.57625182085815,0.0,2.067414005413501,0.1190239266658892,-1.0,-0.2639580262500323,-0.9595528252341352,0.11062472130084455,2.9698926267314194,9.314703365594259,-1.0,-0.2639580262500323,235.6420316735541,0.0,28.047039897314242,277,True
brain_cerebellum,excluded_at_or_below_-1,ENSG00000238297.2,U3,0.20408690515352565,2.897779967717525,-0.679533675175586,0.18228267972033543,34.926451345829555,5.453587423896823,0.0,0.8279785138610948,0.7097984381585697,-0.7862545738241624,0.0233973079277804,-0.5898616448145343,0.1751154276858103,1.7034883938078722,3.161946020518669,-0.7862545738241624,0.0233973079277804,2.8977786320019217,0.0,2.0568387471242406,45,True
brain_cerebellum,raw,ENSG00000238297.2,U3,1.5103382479536283,217.43608372405396,-0.9872121934449376,0.009032426933280428,132.47037312774376,158.23185436888343,0.0,2.002196042852993,0.13587956800221546,-1.0,0.0233973079277804,-0.9306156917919324,0.16977578853046332,2.6916544965886904,7.684968906203231,-1.0,0.0233973079277804,215.61550614675093,0.0,29.297741829799552,266,True
brain_cortex,excluded_at_or_below_-1,ENSG00000238297.2,U3,,,,,,,,,,-0.78897908181924,-0.6085490039629737,,,,,,,,,,13,False
brain_cortex,raw,ENSG00000238297.2,U3,0.34210539703054105,243.84092888748296,-0.9951063856637647,0.003583919432206081,177.06074655684037,152.5354300445829,0.0,1.9310187894116466,0.15621981943964564,-1.0,-0.6085490039629737,-0.9857445138059324,0.06473029639118062,4.483711552845364,18.883132996513854,-1.0,-0.6085490039629737,241.91597714387495,0.0,37.79207026898157,270,True
brain_frontal_cortex_ba9,excluded_at_or_below_-1,ENSG00000238297.2,U3,,,,,,,,,,-0.8691916656409325,-0.6094489672679583,,,,,,,,,,7,False
brain_frontal_cortex_ba9,raw,ENSG00000238297.2,U3,0.17948717948720366,297.4443968668198,-0.9957256343596858,0.0017009469340197323,7.743589747162199,321.16093130455107,0.0,3.5538238954866532,0.0018625098058000064,-1.0,-0.6094489672679583,-0.9929972783709057,0.0447285092234142,6.630728179382815,44.263605973922495,-1.0,-0.6094489672679583,288.94186509280604,0.0,0.5381570570414932,269,True
brain_hippocampus,excluded_at_or_below_-1,ENSG00000238297.2,U3,,,,,,,,,,-0.8507692545235699,-0.6663026381658821,,,,,,,,,,5,False
brain_hippocampus,raw,ENSG00000238297.2,U3,0.1282051282037734,353.02918658771154,-0.9969077909849661,0.001835422189330003,6.3589743603940825,254.73501062872623,0.0,2.382582030540789,0.059621084815333195,-1.0,-0.6663026381658821,-0.9958019393087337,0.03102773154350513,7.938453955419069,66.72548736842218,-1.0,-0.6663026381658821,346.52264302939886,0.0,20.660055890489556,255,True
brain_hypothalamus,excluded_at_or_below_-1,ENSG00000238297.2,U3,,,,,,,,,,-0.8650772727316112,-0.6035467397209545,,,,,,,,,,6,False
brain_hypothalamus,raw,ENSG00000238297.2,U3,0.1538456491777114,368.29676336715227,-0.9964229827790252,0.0022246402759726483,7.07692309863506,249.75314762922295,0.0,2.273925506690323,0.07646779088010895,-1.0,-0.6035467397209545,-0.9946704992425253,0.03686075482628363,7.710491994146467,64.49005157015056,-1.0,-0.6035467397209545,363.0011823588937,0.0,27.757898501852164,257,True
brain_nucleus_accumbens_basal_ganglia,excluded_at_or_below_-1,ENSG00000238297.2,U3,0.11178259714739064,6.9735020282933995,-1.2946310012905267,0.28248143993051955,10.450957128946811,3.879513449446957,0.0,-2.061303976541034,1.0,-0.8828967831214318,-0.519719365179037,-0.7658583337166388,0.11376286104965283,1.1334805305900002,0.17656525066136375,-0.8828967831214318,-0.519719365179037,0.8295328491637985,0.0,0.8295328491637961,12,True
brain_nucleus_accumbens_basal_ganglia,raw,ENSG00000238297.2,U3,0.3076923084684167,325.900146522385,-0.9949948153586391,0.0023646114472573154,12.307692314145413,284.25007765507513,0.0,2.993472779726305,0.01140522662331332,-1.0,-0.519719365179037,-0.990141403524911,0.0521553075602801,6.178080833547665,42.112296247487286,-1.0,-0.519719365179037,323.70575736109737,0.0,3.6919375219746176,285,True
brain_putamen_basal_ganglia,excluded_at_or_below_-1,ENSG00000238297.2,U3,0.20512820512250446,39.81969483820232,-0.8501261028799386,0.0016534406371018849,8.358974359110064,186.3080033889277,0.0,-0.16293687227891526,1.0,-0.8499356037551415,-0.632302407777162,-0.7760319962951618,0.07432024890964842,0.7527566465970515,-0.7046569169669232,-0.8499356037551415,-0.632302407777162,39.29461249755715,0.0,39.29461249755709,10,True
brain_putamen_basal_ganglia,raw,ENSG00000238297.2,U3,0.25642728706570234,262.3489110804997,-0.9954402487932316,0.00013446322161481727,13.435897447209124,3819.293139107854,0.0,47.95706900532305,0.0,-1.0,-0.632302407777162,-0.9911823620588647,0.045837807968034806,5.516387998941853,31.223101145353176,-1.0,-0.632302407777162,5.756347558896901,0.0,0.0,254,True
brain_spinal_cord_cervical_c-1,excluded_at_or_below_-1,ENSG00000238297.2,U3,0.21467151316856073,0.7774212605555805,-1.0254419160236394,0.18992662627098908,11.656421388663645,4.518073169883948,0.0,-1.2797452648245617,1.0,-0.8535741676854437,-0.4186718939899033,-0.6525242055894677,0.16291391651767947,0.41484823151133876,-1.351151845607965,-0.8535741676854437,-0.4186718939899033,0.3427579924356845,0.0,0.34275799243568417,11,True
brain_spinal_cord_cervical_c-1,raw,ENSG00000238297.2,U3,,,,,,,,,,,,,,,,,,,,,204,False
brain_substantia_nigra,excluded_at_or_below_-1,ENSG00000238297.2,U3,,,,,,,,,,-0.8511465715444764,-0.7035061769692528,,,,,,,,,,4,False
brain_substantia_nigra,raw,ENSG00000238297.2,U3,0.10256410079007318,210.0574105099462,-0.9969147103502503,0.0015494581915270014,3.5897435905931356,267.7983371816423,0.0,2.8159898023613352,0.01907546720180072,-1.0,-0.7035061769692528,-0.9949957438797857,0.0345984219150795,7.092490606661234,50.26666960362691,-1.0,-0.7035061769692528,208.8954322210732,0.0,3.9847779659391094,183,True
breast_mammary_tissue,excluded_at_or_below_-1,ENSG00000238297.2,U3,2.675561222140046,44.98492924369685,-0.691274023163492,0.09293817899989938,967.1557571574743,32.505106591330026,0.0,2.617779967836394,0.03251125480971106,-0.8633072363260629,1.444871107368677,-0.5059327929305366,0.30156398560698633,2.4578603009620053,9.122983763781876,-0.8633072363260629,1.444871107368677,44.97516712290074,0.0,1.4621991184419656,235,True
breast_mammary_tissue,raw,ENSG00000238297.2,U3,6.02564110925656,410.045690423221,-0.9760554106669016,0.010372326920645537,4736.974358975442,330.08091062959954,0.0,3.2647219123917206,0.004861324348051308,-1.0,1.444871107368677,-0.7741132419040392,0.3196533814375522,2.0417439376695077,6.609892588217308,-1.0,1.444871107368677,408.9154412314327,0.0,1.9878705907525074,514,True
cells_cultured_fibroblasts,excluded_at_or_below_-1,ENSG00000238297.2,U3,2.8720659542213203,23.303147966234548,-0.6809476871783428,0.1226168433540813,562.6023626390725,11.859429426312198,0.0,2.169261510042063,0.09510165650052946,-0.8690296048234608,0.3473028111373211,-0.5521619772645145,0.21052042672551846,1.2954147370233748,1.7140969524639242,-0.8690296048234608,0.3473028111373211,23.30224246066891,0.0,2.216081858186587,279,True
cells_cultured_fibroblasts,raw,ENSG00000238297.2,U3,7.153846183612024,446.7303632543008,-0.9836489515996131,0.0010969093023006666,3063.0769230783917,1715.9577640367384,0.0,21.080935641941533,0.0,-1.0,0.3473028111373211,-0.8083637908846618,0.2609572335870457,1.2881127126747052,1.1665715210681293,-1.0,0.3473028111373211,329.13410080084054,0.0,0.0,652,True
cells_ebv-transformed_lymphocytes,excluded_at_or_below_-1,ENSG00000238297.2,U3,,,,,,,,,,-0.7710065039277043,-0.3732431549266778,,,,,,,,,,3,False
cells_ebv-transformed_lymphocytes,raw,ENSG00000238297.2,U3,-0.12081810995472267,304.0005434525151,-0.9921798693574044,0.007081204874542244,413.6970607838424,123.61013574757789,0.0,1.5617871549018085,0.2968025846344964,-1.0,-0.3732431549266778,-0.9961809299768856,0.042722137873092626,12.297150496393789,159.66673737619513,-1.0,-0.3732431549266778,302.5141308273822,0.0,89.78697591802522,327,True
cervix_ectocervix,excluded_at_or_below_-1,ENSG00000238297.2,U3,,,,,,,,,,-0.7437296319748531,-0.1348025153657066,,,,,,,,,,4,False
cervix_ectocervix,raw,ENSG00000238297.2,U3,0.10256410256385853,21.542730377352378,-0.9903941628083707,0.004289762396886804,3.5897435897457513,282.06441283197347,0.0,3.1667733495469874,0.006735460788681289,-1.0,-0.1348025153657066,-0.9187025633875842,0.2087465377462065,2.699917532172411,6.6959261885111285,-1.0,-0.1348025153657066,21.246257301984073,0.0,0.1431033329637464,24,True
cervix_endocervix,excluded_at_or_below_-1,ENSG00000238297.2,U3,,,,,,,,,,-0.779258966564414,-0.510088217267464,,,,,,,,,,8,False
cervix_endocervix,raw,ENSG00000238297.2,U3,,,,,,,,,,,,,,,,,,,,,23,False
colon_sigmoid,excluded_at_or_below_-1,ENSG00000238297.2,U3,1.9563563069035574,17.156319399234906,-0.7002428688564648,0.08898876003160976,155.56205037470414,19.43576135923165,0.0,2.5949513318241926,0.0345015081027794,-0.8635290283908957,0.5227437787372939,-0.5180405682324338,0.2799081200046613,1.5257740965531612,2.0409041735419864,-0.8635290283908957,0.5227437787372939,17.154021215564608,0.0,0.5918396019640522,156,True
colon_sigmoid,raw,ENSG00000238297.2,U3,4.00000003515145,306.69994500927294,-0.9782809508531395,0.006529908575118336,1104.0000000004798,325.08411191740606,0.0,4.70379845475575,1.618720458380884e-05,-1.0,0.5227437787372939,-0.820559256907541,0.2889061072895269,1.8862995150854642,3.632724551787632,-1.0,0.5227437787372939,297.1685269434289,0.0,0.004810327741502363,419,True
colon_transverse,excluded_at_or_below_-1,ENSG00000238297.2,U3,1.3958075912977512,26.30831834827575,-0.7287861533718292,0.10430967874259175,284.37688159326194,22.15097629604689,0.0,2.5887647132354394,0.03505757187328786,-0.9197284712524624,0.9050273545386882,-0.6004230819956503,0.2531568204184161,2.613792938818088,9.859622350036396,-0.9197284712524624,0.9050273545386882,26.306010893325006,0.0,0.9222248675922349,162,True
colon_transverse,raw,ENSG00000238297.2,U3,4.153846153846153,325.5871784212137,-0.9768198194756458,0.0031665263732612134,1905.076923076923,840.4584336569536,0.0,10.352582549955704,0.0,-1.0,0.9050273545386882,-0.8648612511133514,0.23957641074505964,2.62033623323641,10.28588305351046,-1.0,0.9050273545386882,299.35443569224185,0.0,0.0,479,True
esophagus_gastroesophageal_junction,excluded_at_or_below_-1,ENSG00000238297.2,U3,0.20178380560348458,10.683641247335794,-0.6198141534251305,0.29716682713278075,160.34338619301099,6.941367615018176,0.0,1.3691593293685789,0.39168822498799055,-0.9075137941109176,0.8387662512598866,-0.5400368008459892,0.24022281749530597,2.0290361685611478,7.915455001558453,-0.9075137941109176,0.8387662512598866,10.683539383337983,0.0,4.184616577648946,126,True
esophagus_gastroesophageal_junction,raw,ENSG00000238297.2,U3,,,,,,,,,,,,,,,,,,,,,403,False
esophagus_mucosa,excluded_at_or_below_-1,ENSG00000238297.2,U3,0.723073868340326,4.197407370818378,-0.7382787652909553,0.0941531708256436,73.2053783429788,7.814618176940823,0.0,1.9090580027897273,0.1616647747558831,-0.8653768705807301,-0.2180100451154524,-0.6558755224943537,0.16445598341697076,1.113326676420308,0.1731439486995865,-0.8653768705807301,-0.2180100451154524,4.19731985710533,0.0,0.6785587692773286,71,True
esophagus_mucosa,raw,ENSG00000238297.2,U3,1.8684215057216493,520.152215129844,-0.9902268245663567,0.007724687884638436,659.9155573384068,141.375219154587,0.0,1.7892447503536588,0.2031223703250739,-1.0,-0.2180100451154524,-0.9602071043926695,0.12336293847366811,3.5130786852150186,12.815173942270627,-1.0,-0.2180100451154524,516.6521240682036,0.0,104.94360407421794,614,True
esophagus_muscularis,excluded_at_or_below_-1,ENSG00000238297.2,U3,2.4221262358621067,36.099037741682004,-0.6974696001653896,0.09208803322001059,323.3999256464184,25.978619623058375,0.0,3.658560455664494,0.00124014322670782,-0.9357006889786688,0.994156085310169,-0.532383418191173,0.29292279320811165,2.043616355348417,5.560571086341746,-0.9357006889786688,0.994156085310169,36.09889683838421,0.0,0.044767802405746515,219,True
esophagus_muscularis,raw,ENSG00000238297.2,U3,5.682165364647513,325.950651824776,-0.9750768498173186,0.017885530555177512,3317.6401100101884,155.70776140732886,0.0,1.9706799804832384,0.14462742492445857,-1.0,0.994156085310169,-0.8174544894543082,0.29246119250487584,2.1550227891032963,6.135833865196114,-1.0,0.994156085310169,323.29025080811925,0.0,46.75663647756065,561,True
fallopian_tube,excluded_at_or_below_-1,ENSG00000238297.2,U3,,,,,,,,,,-0.7481791271452511,-0.4488895935731246,,,,,,,,,,8,False
fallopian_tube,raw,ENSG00000238297.2,U3,0.2051282051283689,26.410609585270603,-0.994428148822135,0.002693656760708682,6.358974358984669,286.4166047004431,0.0,2.9253123925070015,0.013865381303285013,-1.0,-0.4488895935731246,-0.897589421673267,0.17698542764408404,1.309469246798806,0.1434918474045972,-1.0,-0.4488895935731246,26.40093985079096,0.0,0.3660590977963092,29,True
heart_atrial_appendage,excluded_at_or_below_-1,ENSG00000238297.2,U3,1.7971178062150706,35.213937865852664,-0.782095356505429,0.09652435677940584,363.8405621876375,31.910631467982448,0.0,2.0184324330807435,0.1304428222392309,-0.9198594803191495,1.395901841953818,-0.5979613550446837,0.34410033619536734,2.977161580073396,11.918112939734769,-0.9198594803191495,1.395901841953818,35.20638699503488,0.0,4.592420480478906,174,True
heart_atrial_appendage,raw,ENSG00000238297.2,U3,4.461538464249724,322.7491842651368,-0.9716875185353129,0.004485759961483046,3041.6923076977937,746.4235742625407,0.0,8.926000413664646,5.530800929434139e-18,-1.0,1.395901841953818,-0.8482543943118763,0.28739176674861033,3.4868033434937424,17.905087887564452,-1.0,1.395901841953818,321.1753346512143,0.0,1.7763568394002505e-15,461,True
heart_left_ventricle,excluded_at_or_below_-1,ENSG00000238297.2,U3,0.5988861030062715,20.28662233092981,-0.8294239707310852,0.063183269365429,51.54330914919602,29.621848741806286,0.0,2.4517305190316128,0.04951761229219827,-0.9389607153338426,0.4940007919440288,-0.7456181892115454,0.19323878088267146,3.7326151504862493,18.815677061022296,-0.9389607153338426,0.4940007919440288,20.28531591111852,0.0,1.0044804085115275,87,True
heart_left_ventricle,raw,ENSG00000238297.2,U3,2.2307692634573617,487.901036474074,-0.9848652958954554,0.00650341503081447,986.9230769230769,321.5898829225288,0.0,3.2911483744672654,0.004448681685249999,-1.0,0.4940007919440288,-0.9510371293393904,0.13115144784078314,4.913233132734121,37.92179808437413,-1.0,0.4940007919440288,487.5687260421334,0.0,2.169038061844313,452,True
kidney_cortex,excluded_at_or_below_-1,ENSG00000238297.2,U3,0.2218552120808339,10677745260461.92,-21.436211761111075,3.9062325565482077,25.45839787700839,8.381342519545214,0.0,-7.437403202543305,1.0,-0.8931853760437379,1.714091621987179,-0.433571373471935,0.4875205083170081,2.128034603187027,6.013139016850824,-0.8931853760437379,1.714091621987179,10.392945056167619,0.0,10.392945056167731,67,True
kidney_cortex,raw,ENSG00000238297.2,U3,1.474061649104559,3014332873084.3022,-3.2787657335860207,0.46091586759184733,192.15367863692836,15.319426133314533,0.0,-6.991864746913366,1.0,-1.0,1.714091621987179,-0.6350892502174966,0.4759699381235927,2.2063073045548305,6.685996851664079,-1.0,1.714091621987179,73.06236070901168,0.0,73.06236070901116,104,True
kidney_medulla,excluded_at_or_below_-1,ENSG00000238297.2,U3,,,,,,,,,,-0.8349949532910108,0.2378573668106269,,,,,,,,,,9,False
kidney_medulla,raw,ENSG00000238297.2,U3,0.2307692307692308,2.5807329551676346,-0.9864969669603998,0.0032065046444614185,6.923076923076923,539.9956326151191,0.0,5.955448245103733,2.175258629445929e-08,-1.0,0.2378573668106269,-0.41004645955627983,0.462541863550685,0.051811754634845934,-1.4955202033827495,-1.0,0.2378573668106269,2.358261572795479,0.0,5.12982883671409e-08,11,True
liver,excluded_at_or_below_-1,ENSG00000238297.2,U3,0.3785672003547242,3.6233203634143663,-0.7685887814259569,0.008351611438971736,12.707358409401762,57.46865350146081,0.0,17.900073560559104,0.0,-0.8742973272101904,-0.4292087353459843,-0.7236708510888208,0.13583785878527008,1.0163726646902842,-0.12626422793704384,-0.8742973272101904,-0.4292087353459843,3.6213444456975648,0.0,0.0,20,True
liver,raw,ENSG00000238297.2,U3,0.5128942328398345,245.91196087553763,-0.9932059272780918,0.002529265819101776,27.743589955541644,315.353361416945,0.0,3.7988374786499186,0.000736802836431094,-1.0,-0.4292087353459843,-0.9789061718388413,0.08214475898301293,4.473160754321525,21.309115242665108,-1.0,-0.4292087353459843,245.32422868359987,0.0,0.18075558753934673,262,True
lung,excluded_at_or_below_-1,ENSG00000238297.2,U3,6.167481192905924,36.75999690211043,-0.6716135364698789,0.10950251980401539,1202.342186707264,29.935294909488995,0.0,2.3061678869664983,0.0700062688783799,-0.8501800567132414,1.646275579347105,-0.211190127795393,0.5179223269347926,1.1005983363863832,0.649407919750411,-0.8501800567132414,1.646275579347105,36.75872223821331,0.0,2.5733409926340434,360,True
lung,raw,ENSG00000238297.2,U3,9.230769203845256,334.55693210286734,-0.9713004495452778,0.007357626054024765,4140.923076923076,503.1258035432983,0.0,5.516357203948594,2.696096009327368e-07,-1.0,1.646275579347105,-0.5298484205403005,0.5565668875221554,1.2820062913026655,1.1233184253027435,-1.0,1.646275579347105,306.1268356579942,0.0,8.25347339965532e-05,604,True
minor_salivary_gland,excluded_at_or_below_-1,ENSG00000238297.2,U3,0.21791641500284553,1.8902782843523362,-0.722987063741477,0.08025611793478594,21.809549407188936,9.370889708588665,0.0,2.020449598067882,0.12988606742016637,-0.8376468616235792,-0.1911923973515121,-0.6554907539520128,0.1599043117848777,1.653976176369864,2.251210639141746,-0.8376468616235792,-0.1911923973515121,1.8902581115753403,0.0,0.245518192521591,25,True
minor_salivary_gland,raw,ENSG00000238297.2,U3,,,,,,,,,,,,,,,,,,,,,181,False
muscle_skeletal,excluded_at_or_below_-1,ENSG00000238297.2,U3,0.9030547740139242,11.573644425342192,-0.7680104909012277,0.07704503753054537,76.52556269508136,13.056174526541641,0.0,2.5765777229023032,0.036176304575419094,-0.908380045148936,-0.0567222645920439,-0.6912294874221697,0.16298687201633436,1.757027247872856,3.0037301553100155,-0.908380045148936,-0.0567222645920439,11.57335003187079,0.0,0.418681035710894,110,True
muscle_skeletal,raw,ENSG00000238297.2,U3,2.8205128370710035,744.7451449626939,-0.9891410428273296,0.0039890262542065244,635.7435897483298,330.56670925671534,0.0,3.8497827610497524,0.0006059477777942504,-1.0,-0.0567222645920439,-0.9584782929296317,0.12105510798796855,3.5871699281853573,14.941788672659701,-1.0,-0.0567222645920439,743.4824564940585,0.0,0.4505115423415851,818,True
nerve_tibial,excluded_at_or_below_-1,ENSG00000238297.2,U3,1.273829424421677,44.64955499082254,-0.5498442392275933,0.9450953795974677,1764.1721257936629,6.359521119547442,0.0,0.43296021070063484,0.9105329716652355,-0.8391843400226136,3.70011785026845,-0.06810804112731285,0.6141127456803678,1.5455409157788143,3.8368794302638918,-0.8391843400226136,3.70011785026845,44.649460955816984,0.0,40.65480636735094,491,True
nerve_tibial,raw,ENSG00000238297.2,U3,2.644790950357242,21944944850796.57,-29.647088657843476,5.627669659975351,12110.091962073284,8.380035531658194,0.0,-7.1989124718106074,1.0,-1.0,3.70011785026845,-0.31707619133359793,0.6682121399508277,1.3226417928483911,2.7032782574218217,-1.0,3.70011785026845,122.39903990989981,0.0,122.39903990989852,670,True
ovary,excluded_at_or_below_-1,ENSG00000238297.2,U3,0.6874822069705396,2.9314961744625236,-0.5632828167815679,0.23141657191330645,78.43983417141934,6.226652625312272,0.0,1.6153092984209765,0.2712811727157841,-0.8276059362636117,0.4556231274004374,-0.3838477597921607,0.3190089597915,1.0054659910347923,0.1378550297196024,-0.8276059362636117,0.4556231274004374,2.9314591775968672,0.0,0.7952496834669264,63,True
ovary,raw,ENSG00000238297.2,U3,1.6153846141655925,152.14730693957563,-0.9794218915677655,0.005782271445241307,127.2307692307697,350.97973999663975,0.0,5.032942556994674,3.283624464903337e-06,-1.0,0.4556231274004374,-0.7988725848026224,0.34171595467024446,1.7417728119982152,2.344191869684485,-1.0,0.4556231274004374,146.37275888336404,0.0,0.00048063317206481493,193,True
pancreas,excluded_at_or_below_-1,ENSG00000238297.2,U3,0.9819677193731408,4.64516176358479,-0.7877271741019641,0.06568095116512879,54.888507663187745,10.608392414053997,0.0,2.7692942401465914,0.021612243561701484,-0.9163427415016456,-0.2950368742587055,-0.7189643656266202,0.13465433100951144,0.9964478255753507,0.5432402396519942,-0.9163427415016456,-0.2950368742587055,4.645161759244106,0.0,0.10039236732428536,74,True
pancreas,raw,ENSG00000238297.2,U3,2.3702040445858024,266.5974235634888,-0.9911961272366488,0.007376315563006479,547.4940797333146,133.47013813650548,0.0,1.6879099269803695,0.24204271963265458,-1.0,-0.2950368742587055,-0.9425507266750549,0.1286351210105813,2.393655191750269,5.387225971288785,-1.0,-0.2950368742587055,265.0347167057603,0.0,64.14972362853236,362,True
pituitary,excluded_at_or_below_-1,ENSG00000238297.2,U3,0.5446266593253118,2.8994757126383397,-0.7077132801128316,0.12396022072933452,47.898811185091766,8.378159039151004,0.0,1.330475641059321,0.41268044917632496,-0.8243336113900718,0.0266584381557259,-0.5792808125474443,0.20453546665937178,1.2035577747738053,0.668657480064871,-0.8243336113900718,0.0266584381557259,2.8994728148663538,0.0,1.1965557436135903,49,True
pituitary,raw,ENSG00000238297.2,U3,1.2562729544361144,252.72278225423156,-0.9871730820620043,0.010229749501669112,207.24143792016812,140.15732111713083,0.0,1.7732595806378633,0.20895135934426254,-1.0,0.0266584381557259,-0.9341366128269162,0.1728670926376223,2.9463285950460447,8.865969238048518,-1.0,0.0266584381557259,251.06758856162566,0.0,52.46091391723779,313,True
prostate,excluded_at_or_below_-1,ENSG00000238297.2,U3,0.31939757836895943,4.8581108447719945,-0.707464577553519,0.09880792726401195,26.992785216790274,13.640095170036385,0.0,1.5869537585953992,0.2838946417403997,-0.818341474595521,0.2455382554652716,-0.6199900900561952,0.19170882397619834,2.3997681613784296,7.752561314496878,-0.818341474595521,0.2455382554652716,4.857824095849522,0.0,1.379110231329081,43,True
prostate,raw,ENSG00000238297.2,U3,1.1025640977836475,260.44570454252374,-0.9862098216025098,0.005911976373704456,133.58974359041486,294.6484772442899,0.0,3.2987711865727802,0.004408653550891867,-1.0,0.2455382554652716,-0.9420552264979305,0.15563298651679494,3.3887147223838134,14.811411235800701,-1.0,0.2455382554652716,256.117082727291,0.0,1.129131486209737,282,True
skin_not_sun_exposed_suprapubic,excluded_at_or_below_-1,ENSG00000238297.2,U3,1.163122467580089,16.803369046579828,-0.6989926982526513,0.07595831572060127,125.07276397892804,20.700438942779282,0.0,3.1914165533195256,0.0061422160950005255,-0.8704057242642376,0.412841128409406,-0.6037112319042162,0.2016181057073398,2.5175301486701653,8.763525676725893,-0.8704057242642376,0.412841128409406,16.80336679520242,0.0,0.1032099099796897,117,True
skin_not_sun_exposed_suprapubic,raw,ENSG00000238297.2,U3,3.000000018849331,573.0242481281055,-0.9830395512443908,0.0025366349539960595,892.0,778.2252568550074,0.0,9.455714791098098,0.0,-1.0,0.412841128409406,-0.9287775946740296,0.17447654103942223,3.132827055030722,13.034884397749696,-1.0,0.412841128409406,555.2882102433616,0.0,0.0,651,True
skin_sun_exposed_lower_leg,excluded_at_or_below_-1,ENSG00000238297.2,U3,1.0214028082684252,20.007985691149994,-0.7111866745230291,0.07718313767331722,159.52402564338183,21.234487488774803,0.0,2.455248831092354,0.049089102275980435,-0.8451861026111454,0.4477220043884058,-0.6044822337443361,0.22735326848865667,2.4365681898971423,6.603051571780242,-0.8451861026111454,0.4477220043884058,20.007881791923438,0.0,0.9821689556094566,125,True
skin_sun_exposed_lower_leg,raw,ENSG00000238297.2,U3,3.205128319482952,673.196217687693,-0.9800125892660768,0.0069978032086394654,1318.3589745182426,288.53649718566083,0.0,4.039334415940465,0.0002889016555691081,-1.0,0.4477220043884058,-0.9344300785385172,0.17371049627680288,3.5983492066208633,16.72017243712619,-1.0,0.4477220043884058,667.3734617589089,0.0,0.19280529798503565,754,True
small_intestine_terminal_ileum,excluded_at_or_below_-1,ENSG00000238297.2,U3,0.7729543385023396,6.3793759064448015,-0.7707237447621496,0.17245956580888874,52.76528769743632,11.218171723114851,0.0,0.5840526336431516,0.8432144769684744,-0.8419474031172677,0.5973023271215656,-0.5183675026240685,0.31325689160560777,1.2716635245831227,1.167608753100696,-0.8419474031172677,0.5973023271215656,6.379217654141377,0.0,5.37904867770488,70,True
small_intestine_terminal_ileum,raw,ENSG00000238297.2,U3,1.7948717945770685,162.21633217909505,-0.9818585222615765,0.0042757827227943145,240.35897435897436,522.3068699119412,0.0,6.000287087179581,1.5434563182077576e-08,-1.0,0.5973023271215656,-0.8371291071675594,0.2916123413061145,2.1248284019202153,4.481452951831569,-1.0,0.5973023271215656,159.79068560654085,0.0,2.466299432901664e-06,207,True
spleen,excluded_at_or_below_-1,ENSG00000238297.2,U3,0.7941601262634602,11.322806036649945,-0.6894489474746719,0.11989480388237335,137.26719573705378,14.270979214311783,0.0,1.867650505305407,0.17481585055566135,-0.8477854229633242,0.5204222485264456,-0.5674443505680057,0.2370691006803531,1.9040603297342946,4.199734952737743,-0.8477854229633242,0.5204222485264456,11.322386383325318,0.0,1.9793326059208534,100,True
spleen,raw,ENSG00000238297.2,U3,2.5641025506380783,201.97625289898312,-0.9824132482704416,0.003704939208434782,611.5897435897435,573.6478311836458,0.0,6.713044780170054,1.6417384270399946e-10,-1.0,0.5204222485264456,-0.8438427258368252,0.2519470697437317,1.9405374593703704,4.428075864331564,-1.0,0.5204222485264456,201.4941311775326,0.0,3.308006579771927e-08,277,True
stomach,excluded_at_or_below_-1,ENSG00000238297.2,U3,0.8954941048632516,18.88436568424233,-0.723108536627568,0.11297344478760257,108.75181964421324,24.312854433746224,0.0,1.8353820599194384,0.18557210762684662,-0.8697267273501389,1.2191065510221262,-0.5406319222683227,0.3556894250369741,2.446401337103202,6.581783736261428,-0.8697267273501389,1.2191065510221262,18.88432978829654,0.0,3.504404879934631,106,True
stomach,raw,ENSG00000238297.2,U3,2.717951156843423,322.5754305443145,-0.9748231069225938,0.009155769091740434,1053.897435897668,338.87760231491313,0.0,3.8888599408438127,0.0005235910658122017,-1.0,1.2191065510221262,-0.880361139460546,0.2710430129350175,3.552541800322014,16.333047892983227,-1.0,1.2191065510221262,320.38415795083694,0.0,0.16775028273082349,407,True
testis,excluded_at_or_below_-1,ENSG00000238297.2,U3,0.9649876435702921,26.116832046838443,-0.7238505378881392,0.1942904142542537,172.6676802668613,16.575706961111234,0.0,0.756246542815386,0.7513026972427904,-0.8277467654390849,1.553387538253144,-0.5382856137281599,0.3313821196056131,3.143119895330452,13.416189084039445,-0.8277467654390849,1.553387538253144,26.116629191727203,0.0,19.621493954634445,156,True
testis,raw,ENSG00000238297.2,U3,4.000000036297696,268.0300364812947,-0.9692647201400066,0.005097908757512365,2516.000000000054,699.8102960774809,0.0,8.52629022778864,1.674670667401607e-16,-1.0,1.553387538253144,-0.826020666042495,0.30231554865895477,3.046502214686173,14.605396913547136,-1.0,1.553387538253144,259.87642473509305,0.0,4.3520742565306136e-14,414,True
thyroid,excluded_at_or_below_-1,ENSG00000238297.2,U3,2.347587807739048,20.74604181270121,-0.6700251045341801,0.12613883470481566,331.842309171372,14.529417879226168,0.0,1.9293734316550746,0.15548234879249087,-0.8421129156360773,0.6259063509310991,-0.5058515321261418,0.25670871042557486,1.3448338685989885,1.8414692796023342,-0.8421129156360773,0.6259063509310991,20.74567143705014,0.0,3.2255857223098454,217,True
thyroid,raw,ENSG00000238297.2,U3,5.5641025869499545,509.895631816853,-0.981690800012751,0.006375188664150676,2207.589743589744,356.61465306611785,0.0,4.0615455168837284,0.00026485843782161217,-1.0,0.6259063509310991,-0.8432306761277379,0.2716779949410099,1.8883796735200602,3.4466296121516686,-1.0,0.6259063509310991,503.93391580106675,0.0,0.13347114970439833,684,True
uterus,excluded_at_or_below_-1,ENSG00000238297.2,U3,0.6417453772263475,3.7576820051892983,-0.5961779675282944,0.15436418433336618,39.431323124269866,11.470764069087853,0.0,2.0288935917872486,0.12768302619910857,-0.8176356827759773,0.6558784306821581,-0.38645285103702776,0.3544200666373923,1.2773767811055714,0.9594282378887522,-0.8176356827759773,0.6558784306821581,3.757681406702245,0.0,0.4797921334998658,53,True
uterus,raw,ENSG00000238297.2,U3,1.358974358974359,108.12439206339556,-0.9815831399798286,0.00753067442056673,108.97435897443225,307.5050429441696,0.0,3.458571140152047,0.002565824048384064,-1.0,0.6558784306821581,-0.7874640595095586,0.3588357304775716,1.8921024974701195,3.2958873783230542,-1.0,0.6558784306821581,106.47399346181327,0.0,0.27319353295180804,153,True
vagina,excluded_at_or_below_-1,ENSG00000238297.2,U3,0.4404147066816763,3.3051463108988597,-0.6548706841773969,0.13315643539154218,26.155574760356807,10.657139842507398,0.0,1.4519489946533326,0.34851584695758575,-0.7915801300788677,0.3485610397527763,-0.49497958029441724,0.27433408549046956,1.411231672940792,1.3762433675289785,-0.7915801300788677,0.3485610397527763,3.3051252782597476,0.0,1.1518885356536224,43,True
vagina,raw,ENSG00000238297.2,U3,1.1025641123700325,150.54580930439104,-0.9862262495921376,0.007291665818549768,121.58974359301806,258.88107525068057,0.0,2.6714094030457582,0.02824363819116568,-1.0,0.3485610397527763,-0.8722595408979996,0.25919597590715476,2.3282311139134997,5.501386893527918,-1.0,0.3485610397527763,150.34615911513177,0.0,4.2463225214792075,170,True
whole_blood,excluded_at_or_below_-1,ENSG00000238297.2,U3,,,,,,,,,,-0.7248188857485993,-0.4763667891128116,,,,,,,,,,6,False
whole_blood,raw,ENSG00000238297.2,U3,0.15384615381441438,807.9193028383886,-0.9937562805860013,0.0025681531544702783,7.076923077307675,284.91261691191005,0.0,3.438250035656812,0.0027164408670549427,-1.0,-0.4763667891128116,-0.997215537611951,0.032997238616686325,12.39065993061886,158.96202843201922,-1.0,-0.4763667891128116,806.0238134028605,0.0,2.1895160265469884,803,True
adipose_subcutaneous,excluded_at_or_below_-1,ENSG00000271817.2,U3,0.10619654705394316,43.17240735782553,0.9111461222332176,0.8735120034896993,771.0662430294834,3.3904458815009515,0.0,2.711876138384881,0.022175560008822783,-0.7638882727710774,3.0053101533740625,0.8807457923850294,0.6142453758789114,-0.06062017345470678,-0.11735206440403756,-0.7638882727710774,3.0053101533740625,43.03457751048275,0.0,0.9543158560380456,711,True
adipose_subcutaneous,raw,ENSG00000271817.2,U3,0.1675410225406743,45.56933948135707,0.9092305365685787,0.8780948312663993,547.1520491159447,3.37583609007806,0.0,3.074906743976714,0.005514681939969749,-1.0,3.0053101533740625,0.8728434991397142,0.6249243080811948,-0.13413283301913093,0.017177089378146437,-1.0,3.0053101533740625,45.415993226732866,0.0,0.2504547576332522,714,True
adipose_visceral_omentum,excluded_at_or_below_-1,ENSG00000271817.2,U3,-4.268871238084572,28.220568150953437,-0.1840978950122082,1.4984244356540062,813.1022322295888,2.17975321734752,0.0,0.5981324130254657,0.8194197866239125,-0.817846748283072,2.1254510808073857,0.1358480166972541,0.594700063365606,0.37861550298308067,-0.5447599825212781,-0.817846748283072,2.1254510808073857,25.597383487470754,0.0,20.975002515433747,553,True
adipose_visceral_omentum,raw,ENSG00000271817.2,U3,-3.6347015717589293,28.86934414924458,-0.11761584804224934,1.3911022469355556,1507.4075327825617,2.2803325054485915,0.0,0.8970437921947678,0.6421726857726796,-1.0,2.1254510808073857,0.07005784196521553,0.6353484060984126,0.2726932549321298,-0.5826857456051333,-1.0,2.1254510808073857,26.725019955898926,0.0,17.162077842408067,587,True
adrenal_gland,excluded_at_or_below_-1,ENSG00000271817.2,U3,-6.968164471064846,17.239713665595374,-0.13573105781660366,1.290187570140545,278.93835075582615,1.4237825783368703,0.0,0.7397003852356606,0.6243072671401556,-0.810560000241529,1.1631863292224742,-0.034370473931029225,0.4446074587693758,0.1638221409476401,-0.7508767117229906,-0.810560000241529,1.1631863292224742,10.983107057883341,0.0,6.856833552014901,275,True
adrenal_gland,raw,ENSG00000271817.2,U3,-7.1967199519996,18.28843646490914,-0.14806177124995937,1.3080236231193825,661.7002803282126,1.4176998140918333,0.0,0.9211015581883389,0.45464796835490223,-1.0,1.1631863292224742,-0.09983688247807809,0.4933146558571283,0.0018365802034434077,-0.7206054453815987,-1.0,1.1631863292224742,11.593625314039723,0.0,5.271018194896125,295,True
artery_aorta,excluded_at_or_below_-1,ENSG00000271817.2,U3,0.217367577775458,21.497849257745276,0.27583759829334337,1.0078769131421765,324.30787674353644,2.9724033925147793,0.0,1.4670331636532459,0.33287722500981654,-0.7696826086964099,2.3941999415550312,0.37803362672993257,0.6270716438771012,0.3692941979804321,-0.29028981544428945,-0.7696826086964099,2.3941999415550312,21.238513196074,0.0,7.069817336043483,459,True
artery_aorta,raw,ENSG00000271817.2,U3,0.47399657716014115,22.990412537361635,0.28881532513465535,0.9743003145409656,426.07697336710453,3.056001762614828,0.0,1.8707374769333338,0.16598477042565116,-1.0,2.3941999415550312,0.34007931073948955,0.6582821985144502,0.2302740505319331,-0.26615528250479814,-1.0,2.3941999415550312,22.774692915151423,0.0,3.780252175036113,472,True
artery_coronary,excluded_at_or_below_-1,ENSG00000271817.2,U3,-0.17853959303917918,11.49699102152432,0.09947815280482056,0.9655087848299604,215.35435991626701,2.678912750548005,0.0,1.2655748223232104,0.4332848881269232,-0.7645523170785606,1.9284195964909063,0.22633583683666458,0.5537780074410406,0.41671432935176994,-0.4134145341285609,-0.7645523170785606,1.9284195964909063,11.179140473128014,0.0,4.84375262925443,254,True
artery_coronary,raw,ENSG00000271817.2,U3,0.14673154872794147,12.134595729539235,0.10262482448697384,0.9408617259168899,279.1055751170369,2.7443604703566598,0.0,1.6573604155053867,0.23554306519741658,-1.0,1.9284195964909063,0.16227351700191342,0.6044227070575123,0.1846525577057636,-0.3707164481833254,-1.0,1.9284195964909063,11.853609224525393,0.0,2.792035450397083,268,True
artery_tibial,excluded_at_or_below_-1,ENSG00000271817.2,U3,0.39328234433579035,31.70908399648587,0.3835594389856471,0.9802784726184907,770.1177166483155,2.9204366217359703,0.0,1.7384431804002294,0.2095572645381801,-0.8214625399841602,2.407893830271291,0.4463803085494877,0.6371428891265495,0.27303729550591443,-0.3484448691631008,-0.8214625399841602,2.407893830271291,31.263052174958464,0.0,6.551399694898698,669,True
artery_tibial,raw,ENSG00000271817.2,U3,1.060420499549968,32.672464484804884,0.37826179361061996,0.9784306373431673,1072.6972022260952,2.9336092343413904,0.0,1.9921253961523022,0.1256518593206385,-1.0,2.407893830271291,0.4003305736897356,0.6764510343979788,0.11365447494673771,-0.30922618871552787,-1.0,2.407893830271291,32.230416388766756,0.0,4.049811745926922,691,True
bladder,excluded_at_or_below_-1,ENSG00000271817.2,U3,0.14928040114200827,3.793575810130698,0.27537498320917353,0.8370015763733447,65.28339257321451,3.4058559033141576,0.0,1.718592243244376,0.22602863698018136,-0.7417729603622039,2.2911290643614115,0.35197087172306796,0.5887054890820705,0.5426480405635907,0.4669441950346127,-0.7417729603622039,2.2911290643614115,3.782087953731817,0.0,0.8548601851211659,77,True
bladder,raw,ENSG00000271817.2,U3,0.14928040114200827,3.793575810130698,0.27537498320917353,0.8370015763733447,65.28339257321451,3.4058559033141576,0.0,1.718592243244376,0.22602863698018136,-0.7417729603622039,2.2911290643614115,0.35197087172306796,0.5887054890820705,0.5426480405635907,0.4669441950346127,-0.7417729603622039,2.2911290643614115,3.782087953731817,0.0,0.8548601851211659,77,True
brain_amygdala,excluded_at_or_below_-1,ENSG00000271817.2,U3,-0.14814078150556126,7.448996456981912,-0.8151316893475821,0.8398149975825495,123.36395522549293,2.8738851853577456,0.0,0.079128761268777,0.9968231330581319,-0.8621214242940756,0.8914930696059078,-0.3928457539261233,0.35083190753409105,1.010970843720129,1.2301223722843915,-0.8621214242940756,0.8914930696059078,7.3291479485459785,0.0,7.305864220716182,128,True
brain_amygdala,raw,ENSG00000271817.2,U3,3.2820512819990206,100.3473838231191,-0.9860842193920107,0.011608220600689672,377.89743591940146,228.7426607267273,0.0,1.6953404267366923,0.2405469591543679,-1.0,0.8914930696059078,-0.5706312513952695,0.4044768678426834,0.8741761595531067,0.5265016823245063,-1.0,0.8914930696059078,99.12566367372318,0.0,23.844376970872744,181,True
brain_anterior_cingulate_cortex_ba24,excluded_at_or_below_-1,ENSG00000271817.2,U3,0.68469570563993,15.925478906011731,-0.6883295221404406,0.46124131245405536,312.4188661553719,7.027078951831735,0.0,0.6538906916435927,0.8075207602098431,-0.9015939178722168,1.6035302115636654,-0.44399323682233544,0.38601331284365603,1.8393892073060478,4.922567416135124,-0.9015939178722168,1.6035302115636654,15.925478852583153,0.0,12.860154789743728,182,True
brain_anterior_cingulate_cortex_ba24,raw,ENSG00000271817.2,U3,-0.08955466136455387,9889433642989.55,-26.619152462815947,4.9822163569297615,1445.313313794214,8.011073334690694,0.0,-7.2720553010558815,1.0,-1.0,1.6035302115636654,-0.5656942879899788,0.4115019736080281,1.5556043658361276,3.825566751423592,-1.0,1.6035302115636654,32.38063045495436,0.0,32.38063045495436,233,True
brain_caudate_basal_ganglia,excluded_at_or_below_-1,ENSG00000271817.2,U3,0.7969949243866328,16.660536861688676,-1.4015795800984836,1.1370136910257995,326.7817719257274,2.5497184634489987,0.0,-0.6670969975325663,1.0,-0.8652402041954923,0.6483687999312298,-0.37367870714522416,0.37589999572725336,0.7509236946732382,-0.3587446133574037,-0.8652402041954923,0.6483687999312298,12.69123159058509,0.0,12.69123159058509,251,True
brain_caudate_basal_ganglia,raw,ENSG00000271817.2,U3,0.3918150729417889,5608068585348.326,-36.80844437787928,6.968621310565323,1840.3961173424584,7.601494017047914,0.0,-7.2669736852972004,1.0,-1.0,0.6483687999312298,-0.4759778516448375,0.41464538154931146,0.6583786485128671,-0.37272576766076204,-1.0,0.6483687999312298,17.530532575142136,0.0,17.530532575142136,300,True
brain_cerebellar_hemisphere,excluded_at_or_below_-1,ENSG00000271817.2,U3,1.2169541748792858,10.143534179472086,0.1869348938599389,0.9060287528106814,211.58534313884587,2.9940990167695487,0.0,1.6747395423158236,0.2373888041227946,-0.8860021922905823,2.105131600588828,0.31543987527964734,0.6561540197353319,0.4403429338155777,-0.2602975345236338,-0.8860021922905823,2.105131600588828,10.028833446983732,0.0,2.380732778726152,256,True
brain_cerebellar_hemisphere,raw,ENSG00000271817.2,U3,0.6734143943973806,10.494865677343554,0.08518311440959471,1.158785072900612,492.6784503042617,2.4652013658573297,0.0,1.3243876832265264,0.3866490292781184,-1.0,2.105131600588828,0.2157133865400351,0.7207342523896323,0.26202689519605377,-0.3847069688092555,-1.0,2.105131600588828,9.992121968321863,0.0,3.86344425948021,277,True
brain_cerebellum,excluded_at_or_below_-1,ENSG00000271817.2,U3,1.5563049082019673,13.878988950114971,0.5287358465219991,0.6261905503268498,219.46797897726935,3.837538967201053,0.0,3.1943087543676216,0.005455150579546259,-0.8856516335802699,2.2279351058898675,0.45934547440031004,0.5669478880187107,-0.10756691254481393,-0.11974569646088717,-0.8856516335802699,2.2279351058898675,13.87017845191838,0.0,0.07566391202039258,260,True
brain_cerebellum,raw,ENSG00000271817.2,U3,2.0494355502801156,14.489441861077763,0.5311388444438271,0.5783019948144125,196.09234171446818,4.149444938869768,0.0,3.7443365907524346,0.0007204495821027567,-1.0,2.2279351058898675,0.42642790730857383,0.6010690249136257,-0.24810746375188697,-0.054764186789123315,-1.0,2.2279351058898675,14.486776872073843,0.0,0.010436992343501483,266,True
brain_cortex,excluded_at_or_below_-1,ENSG00000271817.2,U3,0.5920062632031455,12.884560666347367,-0.4714212323861803,0.5225679056892902,190.2251394266103,4.0591408318369915,0.0,1.0885233759455777,0.5528596142275163,-0.873642930718083,1.0284772128186148,-0.3314090808636999,0.36231936755710353,1.0503999961694799,1.3854129117235283,-0.873642930718083,1.0284772128186148,12.881101285993289,0.0,7.121440687799816,240,True
brain_cortex,raw,ENSG00000271817.2,U3,0.24467398175058755,13.57311343771113,-0.5480794642976695,0.6574767324267833,755.3586232051409,3.3911281185543665,0.0,0.9720680887765438,0.6222687417766373,-1.0,1.0284772128186148,-0.40569696076773326,0.4011839861917923,0.7330657216223332,0.7906440338393637,-1.0,1.0284772128186148,13.52983485500662,0.0,8.41919331167066,270,True
brain_frontal_cortex_ba9,excluded_at_or_below_-1,ENSG00000271817.2,U3,0.17733203207868448,15.686720914766672,-0.7486781983710471,0.7685960041634555,187.60406442266975,4.163241693424272,0.0,0.21175979421537824,0.9778245602431644,-0.8637652941299809,1.5139580929703698,-0.3626284317461018,0.3864921478816661,1.343292670326848,2.8342769181060286,-0.8637652941299809,1.5139580929703698,15.68401811856183,0.0,15.336218119628548,217,True
brain_frontal_cortex_ba9,raw,ENSG00000271817.2,U3,5.564104774537228,67.93286264559708,-0.9686315749290412,9.087342759089881e-05,1729.5897435899342,38635.18820877282,,488.16968107932496,,-1.0,1.5139580929703698,-0.4858378055349596,0.42892741053590644,1.0410717494787574,1.7412243464435342,-1.0,1.5139580929703698,0.0,0.0,0.0,269,True
brain_hippocampus,excluded_at_or_below_-1,ENSG00000271817.2,U3,0.5430573829268546,14.369527016251503,-0.9861845500237852,0.7089276351647911,164.74010318204765,3.72924124020612,0.0,-0.22185935797132486,1.0,-0.8749692186406909,0.8832376106165218,-0.45557016634213243,0.3504749705273402,1.2623019020790942,1.4576506651852714,-0.8749692186406909,0.8832376106165218,14.006472550214053,0.0,14.006472550214054,191,True
brain_hippocampus,raw,ENSG00000271817.2,U3,4.897435808464264,29766.759315731928,-1.0289379533635103,0.021038761770896353,1197.5897984587068,128.53535040069855,0.0,-1.9451927142693715,1.0,-1.0,0.8832376106165218,-0.5922113794954795,0.3844773554281948,1.1113614671976773,1.1224485952908871,-1.0,0.8832376106165218,4488.43892845791,0.0,4488.438928457868,255,True
brain_hypothalamus,excluded_at_or_below_-1,ENSG00000271817.2,U3,3.431459987425723,21.897384443564093,-0.786052062697026,0.06984809171006602,491.21179817303357,36.76051251274561,0.0,2.2959704591586454,0.07167280035890637,-0.8994501798285085,1.0295518302473212,-0.4472457542096634,0.3764754743459867,1.2522480854922262,1.250539766017452,-0.8994501798285085,1.0295518302473212,21.895277624947393,0.0,1.569295862015684,193,True
brain_hypothalamus,raw,ENSG00000271817.2,U3,4.9561831749078165,13970514.666079046,-0.9756088638983852,0.000278013835946396,1436.0909870870144,10199.943606206221,0.0,124.0739525037684,0.0,-1.0,1.0295518302473212,-0.5848966169745722,0.4045526868534384,1.1798482185065595,1.1605213070005265,-1.0,1.0295518302473212,39486.64995505686,0.0,0.0,257,True
brain_nucleus_accumbens_basal_ganglia,excluded_at_or_below_-1,ENSG00000271817.2,U3,-0.9348964298820838,3224586577756.678,-35.14140954539865,6.765498659979947,192.95014211726502,7.62924012971798,0.0,-7.162306945708635,1.0,-0.8774346177044438,1.356341040205686,-0.3885012200226188,0.4117941705462856,1.1690103622072543,1.3412738619562372,-0.8774346177044438,1.356341040205686,22.654399657284902,0.0,22.654399657284902,229,True
brain_nucleus_accumbens_basal_ganglia,raw,ENSG00000271817.2,U3,0.49267165276144165,9614430918600.941,-27.305439900413134,5.117521265002657,1608.2484975508687,7.920607893745366,0.0,-7.269439235312155,1.0,-1.0,1.356341040205686,-0.5086553662637885,0.4420205851136676,1.0726349885742896,1.0657964724899163,-1.0,1.356341040205686,31.969206097862006,0.0,31.969206097862234,285,True
brain_putamen_basal_ganglia,excluded_at_or_below_-1,ENSG00000271817.2,U3,0.43529064813922874,16.919937070416445,-1.1674387109321178,0.7863822295681813,193.53040114659012,3.529400087652561,0.0,-0.5146598907209189,1.0,-0.8812588841347416,0.7951061152602219,-0.4855409591978697,0.3317177763273899,1.2050714514531484,1.2076071232356425,-0.8812588841347416,0.7951061152602219,14.787771661771837,0.0,14.787771661771835,188,True
brain_putamen_basal_ganglia,raw,ENSG00000271817.2,U3,4.820512839225234,3085.2290015994886,-1.003749319123195,0.013226050456935819,1051.7435897522907,192.34508142372184,0.0,-0.40090108312769795,1.0,-1.0,0.7951061152602219,-0.6192192926346437,0.3639159051233288,1.0896878741535898,0.9631279367585206,-1.0,0.7951061152602219,2846.9978298589936,0.0,2846.9978298589926,254,True
brain_spinal_cord_cervical_c-1,excluded_at_or_below_-1,ENSG00000271817.2,U3,-1.4467913916049406,8.205863735891763,-0.6496537388466017,1.4455549077742118,210.72540431379707,1.678675032178889,0.0,0.21262568414082475,0.9704201762376747,-0.866991564905104,1.066223548634849,-0.155466685976363,0.4698740659728745,0.4970531724628587,-0.6016962120907543,-0.866991564905104,1.066223548634849,6.200397774447289,0.0,6.016991101022825,176,True
brain_spinal_cord_cervical_c-1,raw,ENSG00000271817.2,U3,-18.239132496479115,37515.98463804356,-79.76114471601512,29.35662968575209,736.8540834361053,3.89374262762426,0.0,-3.7942052693970565,1.0,-1.0,1.066223548634849,-0.2713830231952936,0.5245985718868542,0.40626609892375953,-0.6762170166375117,-1.0,1.066223548634849,8.922650025930583,0.0,8.922650025930583,204,True
brain_substantia_nigra,excluded_at_or_below_-1,ENSG00000271817.2,U3,0.29990570944032957,8.94267117961686,-0.6755009982768483,0.6010940768266174,140.2625145414056,4.3771880687167375,0.0,0.4964952362333695,0.8840313003074245,-0.8865301904815378,1.1849689415296258,-0.40794814424564935,0.36764574370026143,1.3138114317844463,2.299931398519533,-0.8865301904815378,1.1849689415296258,8.942053059006081,0.0,7.905054793171129,139,True
brain_substantia_nigra,raw,ENSG00000271817.2,U3,0.7683422245870891,7184391987006.539,-21.892855639862315,4.056212947875939,1129.2108470204391,8.046168416814071,0.0,-7.28437095938687,1.0,-1.0,1.1849689415296258,-0.5502994101100834,0.40847730673274124,1.0785490222429341,1.4653152722668263,-1.0,1.1849689415296258,21.520091564787506,0.0,21.520091564787506,183,True
breast_mammary_tissue,excluded_at_or_below_-1,ENSG00000271817.2,U3,0.7021686819770406,25.47586155503165,0.697429134976069,0.9485874732993677,434.2939183897561,3.0950271154351423,0.0,2.2321265802851564,0.07511985725954291,-0.7997756502220343,2.773426727798692,0.7118451031419747,0.6734796461836169,0.10405334230711653,-0.25557864167081323,-0.7997756502220343,2.773426727798692,25.264008877173193,0.0,1.8978287406570753,501,True
breast_mammary_tissue,raw,ENSG00000271817.2,U3,1.8614242139450958,25.85005694565099,0.693583412460675,0.9093439376993082,492.83423966511765,3.234576602120216,0.0,2.6338644066531134,0.02595189210891067,-1.0,2.773426727798692,0.668549409871847,0.7172604539818406,-0.07939664388514475,-0.1382233661382295,-1.0,2.773426727798692,25.7118090293209,0.0,0.6672700938538512,514,True
cells_cultured_fibroblasts,excluded_at_or_below_-1,ENSG00000271817.2,U3,-0.27016485145762276,29.605552725643594,-0.21763968294989136,0.7375478999955322,553.3940645253705,3.2728417253273383,0.0,1.1314949005158725,0.5249760442468567,-0.8077426984596314,1.4892294956219572,-0.10047676032173304,0.4187484608276166,0.5475515094089249,0.04525266803377548,-0.8077426984596314,1.4892294956219572,29.465776153261373,0.0,15.46882660560252,576,True
cells_cultured_fibroblasts,raw,ENSG00000271817.2,U3,-2.421677588811621,32.2825626329074,-0.32890083018696437,0.9830876254762385,5133.912260489281,2.615458173095414,0.0,0.9654048357969689,0.61491473245989,-1.0,1.4892294956219572,-0.20532916249281938,0.48819095912632615,0.22907947672874232,-0.2789765091779741,-1.0,1.4892294956219572,31.226710371894022,0.0,19.201764253935686,652,True
cells_ebv-transformed_lymphocytes,excluded_at_or_below_-1,ENSG00000271817.2,U3,0.03787347759803352,19.466996573481396,0.14263748912911964,0.7454320308121719,254.98598319569192,4.157367542740936,0.0,1.8843115934866133,0.16928366534126768,-0.850583234520736,2.333986103420235,0.1970304995725554,0.5070322826903209,0.49297108690703595,0.527451426809975,-0.850583234520736,2.333986103420235,19.463527178974143,0.0,3.294857221326127,315,True
cells_ebv-transformed_lymphocytes,raw,ENSG00000271817.2,U3,0.27512632072563087,19.744067484407267,0.13837914843676197,0.7662137008909949,331.2505990989364,4.052468821384415,0.0,2.1011256115231447,0.10974967770157362,-1.0,2.333986103420235,0.15310277481759924,0.5462848739240281,0.23388402055042865,0.408686897339654,-1.0,2.333986103420235,19.73847197083648,0.0,2.166290937120848,327,True
cervix_ectocervix,excluded_at_or_below_-1,ENSG00000271817.2,U3,0.030598684313798457,0.8351638306113319,0.6955816909459839,1.0276782610991733,27.672038747732618,1.3675808466062451,0.3128157373891638,2.0756375331079684,0.0,-0.8127389951583031,1.689372970952152,0.6210386520963292,0.6139101027055762,-0.23111148565980189,-0.3429545273685197,-0.8127389951583031,1.689372970952152,0.7382818596546963,0.23094618432892694,0.0,23,True
cervix_ectocervix,raw,ENSG00000271817.2,U3,0.22248348893529876,0.7322003762089507,0.6374392665013145,0.8109924846524598,25.23419196861109,1.8343683076043087,0.17186824534464837,2.8553764209550847,0.0,-1.0,1.689372970952152,0.5534953749256489,0.685557835732736,-0.44281562773161487,-0.189661119029088,-1.0,1.689372970952152,0.7197764416344317,0.12370671406412448,0.0,24,True
cervix_endocervix,excluded_at_or_below_-1,ENSG00000271817.2,U3,0.4127904220035452,0.3998314341688329,0.7315224658914024,0.5120704783635637,18.9766208908526,2.354309167122312,0.06179728994582387,3.7668166920132897,0.0,-0.63239856888526,1.583990758870475,0.5724668677185061,0.6113386212278225,-0.22004007057764466,-0.74716173534962,-0.63239856888526,1.583990758870475,0.39949656103422077,0.024687804814591263,0.0,23,True
cervix_endocervix,raw,ENSG00000271817.2,U3,0.4127904220035452,0.3998314341688329,0.7315224658914024,0.5120704783635637,18.9766208908526,2.354309167122312,0.06179728994582387,3.7668166920132897,0.0,-0.63239856888526,1.583990758870475,0.5724668677185061,0.6113386212278225,-0.22004007057764466,-0.74716173534962,-0.63239856888526,1.583990758870475,0.39949656103422077,0.024687804814591263,0.0,23,True
colon_sigmoid,excluded_at_or_below_-1,ENSG00000271817.2,U3,1.4877967274879431,18.59529199303405,0.3004333510766932,0.754761446391071,291.69343434274106,3.06178666838952,0.0,2.1356901323488655,0.09387730106497104,-0.8393779307709275,1.9344995175026312,0.3456468547692636,0.5660847424195755,0.3047236962833408,-0.19422253218793673,-0.8393779307709275,1.9344995175026312,18.423983010897523,0.0,1.7295937999299384,412,True
colon_sigmoid,raw,ENSG00000271817.2,U3,1.676671356976157,19.612749177266306,0.30222282842392306,0.74864545735711,299.9378585679789,3.0834192721741727,0.0,2.459937700938317,0.04025403047330396,-1.0,1.9344995175026312,0.3231658810619012,0.5872842036232603,0.18166581940124785,-0.13686797168470166,-1.0,1.9344995175026312,19.443669597060147,0.0,0.7826860684729129,419,True
colon_transverse,excluded_at_or_below_-1,ENSG00000271817.2,U3,1.0518754711054015,22.081937307430263,0.10285416741501927,0.7373789414927009,472.0537747814359,3.301902496494549,0.0,1.7634140382987271,0.2078311308305799,-0.8165998751499047,1.8244847842871017,0.1632498961486791,0.5174848153371614,0.37497268772199743,-0.0979590650108193,-0.8165998751499047,1.8244847842871017,21.987015657869126,0.0,4.569586327764608,462,True
colon_transverse,raw,ENSG00000271817.2,U3,1.6391031915328989,23.16922959194666,0.1009709755095665,0.7223446443873608,759.4700529604388,3.3743125559929026,0.0,2.1554919766385265,0.09492338142786008,-1.0,1.8244847842871017,0.12196545307033352,0.551981181777085,0.18979391769204973,-0.11197212389696176,-1.0,1.8244847842871017,23.09092646384556,0.0,2.1918688202502805,479,True
esophagus_gastroesophageal_junction,excluded_at_or_below_-1,ENSG00000271817.2,U3,0.41617865008935234,19.505022668477984,0.2043888314992424,0.820351445172926,471.90231400816674,3.171066139903325,0.0,1.7700314904423475,0.20355554242210516,-0.8223640789659815,2.0438484151305945,0.2618862298909801,0.5488360426577594,0.29289395482844344,-0.2042887712838226,-0.8223640789659815,2.0438484151305945,19.377087586021354,0.0,3.9443135741332167,397,True
esophagus_gastroesophageal_junction,raw,ENSG00000271817.2,U3,0.42989627912995526,20.807524376793396,0.21504199720343073,0.8103127003311952,435.45744614218347,3.191758981601126,0.0,2.1205750207242957,0.10004433324366552,-1.0,2.0438484151305945,0.24309884185290095,0.5658072482357935,0.19732499539567475,-0.17216941992829682,-1.0,2.0438484151305945,20.679850041958424,0.0,2.0689018090267193,403,True
esophagus_mucosa,excluded_at_or_below_-1,ENSG00000271817.2,U3,-1.6409619116778327,26.525341104440784,-0.12675810401023732,0.9713996941055176,540.4753922419435,2.6038909815010456,0.0,1.0671979097318458,0.5506897480805264,-0.8597985376799498,1.6618111547018533,0.0025390380800139147,0.4991027774475412,0.39701486903886457,-0.40293023177355636,-0.8597985376799498,1.6618111547018533,25.631309335655526,0.0,14.114899281026185,552,True
esophagus_mucosa,raw,ENSG00000271817.2,U3,-8.321800661251604,33.47467527620531,-0.3485180884184448,1.5264268902579496,3049.2993772353893,1.8625424503465886,0.0,0.6035890489610606,0.7977809623155366,-1.0,1.6618111547018533,-0.0986945455697595,0.561515799753916,0.22164457209354121,-0.5501754267671197,-1.0,1.6618111547018533,27.566928789078013,0.0,21.99237097743453,614,True
esophagus_muscularis,excluded_at_or_below_-1,ENSG00000271817.2,U3,0.9819277303391956,23.184884522078153,0.021157502949920585,0.899438350873819,731.9236748534386,2.8880481835471414,0.0,1.3232495071846497,0.40750471330877175,-0.8204278036848094,1.857953135919865,0.165457131336512,0.5621811698901354,0.46322932102138586,-0.32811381060587896,-0.8204278036848094,1.857953135919865,22.826746610146444,0.0,9.302006833139705,539,True
esophagus_muscularis,raw,ENSG00000271817.2,U3,1.6009362482597342,24.298705485444476,0.02276126472947498,0.8668002833342043,1187.4518897387586,2.9941767252441487,0.0,1.6686691034370675,0.23992958031301698,-1.0,1.857953135919865,0.11975293010762916,0.5957351012691916,0.31038198391729793,-0.32809319937779513,-1.0,1.857953135919865,24.02392277169979,0.0,5.764049708086263,561,True
fallopian_tube,excluded_at_or_below_-1,ENSG00000271817.2,U3,-511.9163852050183,512.887347912156,-0.01694964469573731,50.63816026560417,21.042252999640347,0.060121495102967486,0.0,0.017064548036280318,0.9193718636087544,-0.6279728602214374,2.1357958708564784,0.4740569779805076,0.7030628122717243,0.07002411421375397,-0.6046494585589874,-0.6279728602214374,2.1357958708564784,0.926101902898381,0.0,0.8514320323592983,29,True
fallopian_tube,raw,ENSG00000271817.2,U3,-511.9163852050183,512.887347912156,-0.01694964469573731,50.63816026560417,21.042252999640347,0.060121495102967486,0.0,0.017064548036280318,0.9193718636087544,-0.6279728602214374,2.1357958708564784,0.4740569779805076,0.7030628122717243,0.07002411421375397,-0.6046494585589874,-0.6279728602214374,2.1357958708564784,0.926101902898381,0.0,0.8514320323592983,29,True
heart_atrial_appendage,excluded_at_or_below_-1,ENSG00000271817.2,U3,-0.4095354942312936,20.256005240589538,-0.13073051407740222,0.7030931458662882,472.09742060438316,2.6123793879513353,0.0,1.5272163146737956,0.2880806930534753,-0.8900043265138274,1.1680450675885203,-0.0818250278630352,0.4221489562750815,0.2714982626165101,-0.4185713930892385,-0.8900043265138274,1.1680450675885203,19.588235343958235,0.0,5.642992413582069,441,True
heart_atrial_appendage,raw,ENSG00000271817.2,U3,-0.19470574925494435,20.812567064748848,-0.14535232209002508,0.7278399040399055,623.2686616627864,2.551968353148967,0.0,1.6606046610556433,0.22189805613270305,-1.0,1.1680450675885203,-0.12165908305335904,0.45334912907667496,0.1126425184964933,-0.4174304761568357,-1.0,1.1680450675885203,20.01061295917271,0.0,4.440316117664302,461,True
heart_left_ventricle,excluded_at_or_below_-1,ENSG00000271817.2,U3,-1.2577534721204413,18.947770741510602,-0.6945437526548052,0.9795125137193751,338.4844919214526,2.474343311481588,0.0,0.30662920321346976,0.9518208490777166,-0.9069212532038756,1.0192357650349355,-0.33307503794643184,0.39609877536673255,0.6974727753313394,0.19483262937772228,-0.9069212532038756,1.0192357650349355,18.060407308862736,0.0,17.190272219411124,369,True
heart_left_ventricle,raw,ENSG00000271817.2,U3,1.5663194209124607,12657258803651.238,-30.841069710042692,5.78893936380353,3965.1616249723847,7.783338755616262,0.0,-7.2900479427263205,1.0,-1.0,1.0192357650349355,-0.4555413473500738,0.4414134341792645,0.6303452801690067,-0.11795343639471012,-1.0,1.0192357650349355,35.59712514107829,0.0,35.59712514107854,452,True
kidney_cortex,excluded_at_or_below_-1,ENSG00000271817.2,U3,0.3677159330863952,6.246499443429844,-0.7488650967757385,0.610941440527992,78.68363641130728,4.775162488856354,0.0,0.3650341767478558,0.9355526091608934,-0.9065601661187728,1.3140090880833974,-0.38793152517211404,0.44713039365236407,1.589105728671984,2.799393167290897,-0.9065601661187728,1.3140090880833974,6.246380570530674,0.0,5.843817640571882,93,True
kidney_cortex,raw,ENSG00000271817.2,U3,0.28354167846311934,6.671980639787582,-0.837416733248878,0.7260388916606334,162.97023030313125,4.190650955362246,0.0,0.31668752665364464,0.9510837183856936,-1.0,1.3140090880833974,-0.45266953693275574,0.4629810027836445,1.4541532607163021,2.5289036761187873,-1.0,1.3140090880833974,6.670954036106719,0.0,6.344635769840429,104,True
kidney_medulla,excluded_at_or_below_-1,ENSG00000271817.2,U3,,,,,,,,,,-0.6747552135926682,0.4687136358760628,,,,,,,,,,9,False
kidney_medulla,raw,ENSG00000271817.2,U3,0.23076923062587074,4.007652401235001,-0.991134444926779,0.010498653597449652,10.923076930204138,196.64778304307833,0.0,1.1942282032774594,0.49409073721744756,-1.0,0.4687136358760628,-0.24951296126132883,0.5194700558794987,-0.08893326643981488,-1.1364621791517682,-1.0,0.4687136358760628,3.975502809705608,0.0,1.964259114057478,11,True
liver,excluded_at_or_below_-1,ENSG00000271817.2,U3,-0.15814842776023189,11.91150738912417,-0.23462350184343048,0.8918607003427838,349.0033553061152,3.194558186250006,0.0,1.1335181901262037,0.5231120344639305,-0.9494662623674144,1.7799950657326162,-0.0910263901066418,0.501019310702645,0.5385635433936158,-0.05044014365645255,-0.9494662623674144,1.7799950657326162,11.8390699173371,0.0,6.193159950618929,234,True
liver,raw,ENSG00000271817.2,U3,-2.732329098659687,15.276132556537823,-0.7761228661953053,1.71490472755701,754.8602843488418,2.107928556187015,0.0,0.18462254715621804,0.9810470690344616,-1.0,1.7799950657326162,-0.18816860795784038,0.5506870462844414,0.4143550728903478,-0.2927492948409749,-1.0,1.7799950657326162,13.619786367295319,0.0,13.361651496510591,262,True
lung,excluded_at_or_below_-1,ENSG00000271817.2,U3,0.21313085816329866,36.07333906823246,0.15885276207927362,0.8765792221355433,813.8119582871875,4.452644733568603,0.0,1.6161506930975946,0.2708763473295826,-0.8428941841401274,2.9187583101833168,0.25447099861120015,0.5761706726072462,0.5708153480696051,0.4717511554061846,-0.8428941841401274,2.9187583101833168,36.07112007823941,0.0,9.77081325088026,573,True
lung,raw,ENSG00000271817.2,U3,0.39391054905444617,36.76279414568183,0.13522763135764537,0.9219232096014608,1209.0244840425548,4.269885817256482,0.0,1.741418695100094,0.21944602303936778,-1.0,2.9187583101833168,0.1900858976891021,0.6258249983639818,0.31810353818983633,0.2644798792515588,-1.0,2.9187583101833168,36.758335791458556,0.0,8.066470602981232,604,True
minor_salivary_gland,excluded_at_or_below_-1,ENSG00000271817.2,U3,0.4682760521401938,7.8655524626109905,0.25160449546310654,0.7449957907832182,203.0915311635069,2.876904508380004,0.0,1.9335570702632365,0.1405197184117131,-0.7669770801286673,1.76713355433585,0.30704467846290495,0.526560978455352,0.2535286156890365,-0.30959718465145825,-0.7669770801286673,1.76713355433585,7.740082300505941,0.0,1.0876341853505793,178,True
minor_salivary_gland,raw,ENSG00000271817.2,U3,0.4306759247128776,8.654286887529002,0.25371579961040613,0.7466627310277392,199.7728174299545,2.866482851397932,0.0,2.3745954009650396,0.043932195871351436,-1.0,1.76713355433585,0.2853809545104811,0.5483121330390518,0.11332488896514949,-0.20044000921262795,-1.0,1.76713355433585,8.512005808752091,0.0,0.3739511064481781,181,True
muscle_skeletal,excluded_at_or_below_-1,ENSG00000271817.2,U3,0.5398424578690355,42.19740558546477,-0.30635739695534503,0.8387003261421953,753.2055513273529,3.7723217053598987,0.0,0.9185908861450814,0.6555184382150809,-0.8511283539728512,1.9308205857600749,-0.09979523520886996,0.48447508067738815,0.7333043661988362,0.3682967555532102,-0.8511283539728512,1.9308205857600749,42.1629985913751,0.0,27.63862298708286,762,True
muscle_skeletal,raw,ENSG00000271817.2,U3,0.22756052584311456,43.86709013394769,-0.3220670806553526,0.8859672466002362,2643.0251313374647,3.596142300490008,0.0,1.0821415042095648,0.5561319841446256,-1.0,1.9308205857600749,-0.16142294526792042,0.5199718172941347,0.5540207881538048,0.1590316494021211,-1.0,1.9308205857600749,43.79860175411913,0.0,24.357803296278554,818,True
nerve_tibial,excluded_at_or_below_-1,ENSG00000271817.2,U3,0.19419410619077923,38.044407837434186,1.5692935655468634,0.9932941686964365,501.85343756848056,2.5608287248228807,0.03155040105294817,3.1825734701707074,0.0,-0.666034784765305,3.3679301414318825,1.5208117902822886,0.6990198622234493,-0.31855200650254295,-0.042628128033713075,-0.666034784765305,3.3679301414318825,37.80404088840258,1.1927326514511525,0.0,668,True
nerve_tibial,raw,ENSG00000271817.2,U3,0.344752318543498,41.31423312985594,1.5720427123103202,0.9834426284439466,667.170332510123,2.5825282383555166,0.03459144259029446,3.6986577371650498,0.0,-1.0,3.3679301414318825,1.513286978968013,0.7114128713736992,-0.4026336467974159,0.20263213228618326,-1.0,3.3679301414318825,41.26984527798849,1.4275834836438737,0.0,670,True
ovary,excluded_at_or_below_-1,ENSG00000271817.2,U3,-0.19382428253980996,8.971816767080524,0.8872319543876097,0.9897506244266169,218.09608520212157,2.20987749632954,0.0,2.1907075357099672,0.0041055775436684245,-0.6459552594067737,2.4338354449016264,0.8752321692455867,0.635506535920184,-0.08168423846621174,-0.41476445344079327,-0.6459552594067737,2.4338354449016264,8.191206482769077,0.0,0.03362963339120795,191,True
ovary,raw,ENSG00000271817.2,U3,-0.012878456398514116,9.805371245279193,0.8845486752616021,0.9703415499198031,258.9400576847838,2.257990871164084,0.05643055414279383,2.746614628351715,0.0,-1.0,2.4338354449016264,0.8557997115331971,0.6602364495366144,-0.22282058247377473,-0.1542271078790467,-1.0,2.4338354449016264,9.579753785998532,0.5405908146954244,0.0,193,True
pancreas,excluded_at_or_below_-1,ENSG00000271817.2,U3,0.2218856477461441,18.47648135808654,-0.25014036847983717,0.6503581082633662,233.4283703459968,3.6865079591288996,0.0,1.3686748816172534,0.3912634899548536,-0.879556483923193,1.4451837368651494,-0.1615492760046859,0.4105429086587446,0.5731948170408854,0.3018841820316833,-0.879556483923193,1.4451837368651494,18.455782386911576,0.0,7.221073826550342,344,True
pancreas,raw,ENSG00000271817.2,U3,0.2664110859564519,19.236924992517057,-0.2600291163335783,0.6694119016654693,483.1680166173843,3.602468282572751,0.0,1.5632779411878788,0.29359107170561166,-1.0,1.4451837368651494,-0.2032401959823535,0.43983089362427724,0.3825915320753846,0.13250806517186486,-1.0,1.4451837368651494,19.20762750320741,0.0,5.639187943588845,362,True
pituitary,excluded_at_or_below_-1,ENSG00000271817.2,U3,-0.29243040362886336,14.629761709926369,-0.0038773063640769167,0.8144257260360399,292.6569596226358,2.9662937332107764,0.0,1.5488329047815066,0.29267545793440886,-0.8958284207831059,1.7043695890005166,0.06422380782991667,0.4954013631809486,0.4189284160867103,-0.19410657367314776,-0.8958284207831059,1.7043695890005166,14.449953969588199,0.0,4.229146895180355,293,True
pituitary,raw,ENSG00000271817.2,U3,-0.3548022809254966,14.814824366705915,-0.053068414638311294,0.9091829032361043,595.7939637547332,2.733655297442939,0.0,1.4729307886140386,0.3218153785395933,-1.0,1.7043695890005166,-0.003777713437170677,0.5455749807817105,0.19343715264589095,-0.2811897678418216,-1.0,1.7043695890005166,14.46163005097149,0.0,4.653974949152948,313,True
prostate,excluded_at_or_below_-1,ENSG00000271817.2,U3,0.8572820280777503,10.209995947650231,-0.09422940664254432,0.8888606331910867,173.54468457269434,2.756139384572027,0.0,1.1004742879403988,0.5353763962391371,-0.7858988251904868,1.6380576140127387,0.10359579327816938,0.548330047552398,0.5335868498324355,-0.2200620170228702,-0.7858988251904868,1.6380576140127387,9.981166755523448,0.0,5.343681087834025,263,True
prostate,raw,ENSG00000271817.2,U3,1.1609859912525595,10.862761020844596,-0.08471030421774776,0.867919812179409,426.7731248546898,2.8071277099493073,0.0,1.491399416295425,0.3155443151475927,-1.0,1.6380576140127387,0.029240048340987767,0.5976105598201925,0.3335431401135376,-0.3014201047971019,-1.0,1.6380576140127387,10.651487707618058,0.0,3.361016394003342,282,True
skin_not_sun_exposed_suprapubic,excluded_at_or_below_-1,ENSG00000271817.2,U3,0.4609253993189661,34.67884685567235,0.9152346774575201,0.9603770380919362,495.79880596854645,3.054966681169669,0.0,2.4684732766284783,0.03847245969314948,-0.7610786581602658,2.9898293007816443,0.8745818022941837,0.6710336368947615,-0.10620646393183217,-0.30946860676295795,-0.7610786581602658,2.9898293007816443,34.35252447289305,0.0,1.3216261131413092,643,True
skin_not_sun_exposed_suprapubic,raw,ENSG00000271817.2,U3,1.04315086055595,36.40951282145446,0.9153662323182222,0.9445323618378517,497.786219433771,3.1060172468359677,0.0,2.8678074061806433,0.008402770735930933,-1.0,2.9898293007816443,0.85154546678212,0.6981852196055622,-0.23243704946924162,-0.12916154460026652,-1.0,2.9898293007816443,36.116526498525694,0.0,0.30347889194528577,651,True
skin_sun_exposed_lower_leg,excluded_at_or_below_-1,ENSG00000271817.2,U3,2.9096183603938024,43.15405093092174,1.1504365975370983,0.8230358527933831,681.8710737278905,3.3919295843777792,0.000307187287373768,3.4217128071009024,0.0,-0.8409120877920624,3.124452214675534,1.1060250104698985,0.6901325997827831,-0.12624092312147583,0.07751153656330256,-0.8409120877920624,3.124452214675534,43.03017338513705,0.013218322237403157,0.0,751,True
skin_sun_exposed_lower_leg,raw,ENSG00000271817.2,U3,2.971804415084337,45.03314207280589,1.15092859535826,0.8208219878212732,870.4804231335555,3.400230390404501,0.002046638375884225,3.705885607823293,0.0,-1.0,3.124452214675534,1.0976456006139177,0.701417021693683,-0.19181501512964802,0.18688841373384157,-1.0,3.124452214675534,44.98576265983581,0.09206958822803957,0.0,754,True
small_intestine_terminal_ileum,excluded_at_or_below_-1,ENSG00000271817.2,U3,0.4097649162557324,8.25177555256278,0.24621300677556843,0.7608237730995586,111.6370336736171,2.4082869142837358,0.0,1.9456090651688014,0.10120685060446274,-0.8004928581112736,1.5418319893548458,0.25903777027514113,0.510379321761675,0.07555742797481187,-0.5099584373296917,-0.8004928581112736,1.5418319893548458,7.797677969526232,0.0,0.7891784293235518,200,True
small_intestine_terminal_ileum,raw,ENSG00000271817.2,U3,1.127409296332118,8.329332469748861,0.25070925439577507,0.7044458076428148,183.4727341620388,2.591999643772718,0.0,2.510867366888911,0.008282748766382134,-1.0,1.5418319893548458,0.21646161379240692,0.5510709836982707,-0.11544448261673619,-0.3718707795238201,-1.0,1.5418319893548458,8.03976767369778,0.0,0.06659137578131924,207,True
spleen,excluded_at_or_below_-1,ENSG00000271817.2,U3,-0.10416889196361837,13.25570771849216,-0.1790221779389134,0.9542830348519507,270.940213704312,3.6703412601112584,0.0,0.9367848901738112,0.6443991368481645,-0.8111458909221394,2.2976507163330977,0.01760586719507199,0.5224276250843193,0.6947324001664232,0.7302588622559183,-0.8111458909221394,2.2976507163330977,13.239947219849007,0.0,8.531810560385956,234,True
spleen,raw,ENSG00000271817.2,U3,-3.148045005551088,19.837560904331873,-1.3396551844049143,2.3343257019376673,1398.5350772832749,2.2036030923420555,0.0,-0.20577461316432485,1.0,-1.0,2.2976507163330977,-0.14036183060055288,0.6055542065532145,0.43766705312485266,0.03334929859768199,-1.0,2.2976507163330977,17.671933703591584,0.0,17.671933703591588,277,True
stomach,excluded_at_or_below_-1,ENSG00000271817.2,U3,0.5150134972902879,18.46343105329632,-0.03420330110600301,0.7967897290075041,174.5371834641951,3.2560061385828916,0.0,1.3339048361830093,0.40784568345616495,-0.7857458553724019,1.8002807668128669,0.08754645600898131,0.5084841355123857,0.5517670255540145,0.07156265703219811,-0.7857458553724019,1.8002807668128669,18.37133827901745,0.0,7.492671016410277,387,True
stomach,raw,ENSG00000271817.2,U3,0.9372397745706665,19.690929622073885,-0.0254320898818056,0.7696298345691148,528.8206499210905,3.354791832338546,0.0,1.790792266667235,0.19831440811095302,-1.0,1.8002807668128669,0.03410436971861368,0.5488352908475854,0.32680393987583706,-0.016976442885263232,-1.0,1.8002807668128669,19.619918733512737,0.0,3.8909125708215777,407,True
testis,excluded_at_or_below_-1,ENSG00000271817.2,U3,0.3336750657297632,18.970296586944986,0.039116313453428156,0.7132052237094689,378.45446878184,3.059505021242691,0.0,1.6204828179534625,0.2621735634127655,-0.7781130226565205,1.582062174794257,0.09159537718749894,0.46394791053208906,0.3320865939841072,-0.19933022069539152,-0.7781130226565205,1.582062174794257,18.79422457336484,0.0,4.927348827978822,398,True
testis,raw,ENSG00000271817.2,U3,0.9564661561680575,20.290818548406268,0.04956841401996143,0.685281276806441,506.5778820314706,3.16260422412111,0.0,2.1659921786608165,0.08964754115040874,-1.0,1.582062174794257,0.04940811623339269,0.5012859667717618,0.10591751245040738,-0.15860223805199913,-1.0,1.582062174794257,20.15405293870294,0.0,1.806761290169888,414,True
thyroid,excluded_at_or_below_-1,ENSG00000271817.2,U3,-0.3098375680891689,33.03957965710944,0.40959272927950774,0.984930077759094,599.6524311426642,2.940630370908305,0.0,1.731476224288319,0.2129224305338755,-0.7962951631860617,2.45759691827863,0.4593078422770721,0.6209640408917027,0.23459218512421887,-0.3371039297198659,-0.7962951631860617,2.45759691827863,32.60175946048882,0.0,6.941645864008049,666,True
thyroid,raw,ENSG00000271817.2,U3,0.039445654945506,34.657271035025936,0.40746255298292255,0.982819834654558,641.4903333054439,2.950009474633165,0.0,2.0252467042042506,0.11725159759960377,-1.0,2.45759691827863,0.42090500432241224,0.6558055264273237,0.07931268152394337,-0.2708926458364367,-1.0,2.45759691827863,34.2104933584375,0.0,4.011235000947432,684,True
uterus,excluded_at_or_below_-1,ENSG00000271817.2,U3,-0.12053060565019638,6.07340361211791,0.6955924413674983,1.0829727148097696,112.6076912051616,1.9084629981915744,0.0,1.830598892667551,0.030257937876087913,-0.7062387284547291,2.157050179615563,0.7160585634330137,0.6459404163231156,0.06958968999108095,-0.6434519966413279,-0.7062387284547291,2.157050179615563,5.090444743838894,0.0,0.1540263608207355,148,True
uterus,raw,ENSG00000271817.2,U3,0.9953798432251401,5.764105190851728,0.6872106519436968,0.885859025238043,110.9086796618711,2.3464986361538167,0.03816704521882768,2.6935168221805434,0.0,-1.0,2.157050179615563,0.6599782182227846,0.7051373295421383,-0.18407866936601391,-0.33106542340514045,-1.0,2.157050179615563,5.610880044901779,0.2141507123911841,0.0,153,True
vagina,excluded_at_or_below_-1,ENSG00000271817.2,U3,0.5705121243916058,7.729964415105503,0.4840327737027333,0.8215659199828731,179.2959319902228,3.3314611733531385,0.0,2.043975883073488,0.12039946948023031,-0.703384015019207,2.41939461479574,0.5640993369850551,0.6269717600584879,0.4381129824766457,0.10173567200076761,-0.703384015019207,2.41939461479574,7.699876921244183,0.0,0.9270610963808688,164,True
vagina,raw,ENSG00000271817.2,U3,0.8727882841874237,8.308915911107034,0.4867822948920741,0.78728754419445,150.90430669854499,3.4715734724516962,0.0,2.6707239321104304,0.025905370312242052,-1.0,2.41939461479574,0.5088958309738179,0.6803872576471744,0.14269008937159752,0.16069364553408727,-1.0,2.41939461479574,8.288758367927114,0.0,0.21472335494984696,170,True
whole_blood,excluded_at_or_below_-1,ENSG00000271817.2,U3,1.1297366790234469,42.18147803636788,-0.698203479567907,0.6955454771145957,866.1801933574347,6.166480822023877,0.0,0.2047470306047184,0.9792609252218996,-0.7989031722301564,2.334625478934945,-0.27153508353195366,0.4723584523391773,2.021682925102027,6.033760046217234,-0.7989031722301564,2.334625478934945,42.18132917206803,0.0,41.306527432128846,431,True
whole_blood,raw,ENSG00000271817.2,U3,11.051281961781115,615.8136484085935,-0.963106728500961,0.006552982962656118,10459.897435897437,711.6907886694839,0.0,7.962017482967143,1.8958547806069614e-14,-1.0,2.334625478934945,-0.6090057546728169,0.5017398629029706,1.8074148555802596,4.807154170734912,-1.0,2.334625478934945,557.027970615637,0.0,1.0560441410234489e-11,803,True
adipose_subcutaneous,excluded_at_or_below_-1,ENSG00000273788.1,U3,,,,,,,,,,-0.5278283563539148,-0.5278283563539148,,,,,,,,,,1,False
adipose_subcutaneous,raw,ENSG00000273788.1,U3,2.4906116837461854,677.8526166899557,-0.9941340824598485,0.00549743933418953,1381.9191294554005,119.95691848202391,0.0,1.5090043994578666,0.32157040359456324,-1.0,-0.5278283563539148,-0.9993386951769663,0.0176705796521484,26.66460955132373,709.0014025245446,-1.0,-0.5278283563539148,675.1409747456942,0.0,217.10535573219914,714,True
adipose_visceral_omentum,excluded_at_or_below_-1,ENSG00000273788.1,U3,,,,,,,,,,-0.8144239253914135,-0.7023683571048709,,,,,,,,,,3,False
adipose_visceral_omentum,raw,ENSG00000273788.1,U3,0.076923063105149,631.4013418132456,-0.9966992563267965,0.0015009346977537348,2.769230780890033,277.3250229527383,0.0,3.110033018457007,0.008049224200800014,-1.0,-0.7023683571048709,-0.9988190035680522,0.01684703186927977,14.79928189043989,225.80265295634894,-1.0,-0.7023683571048709,622.640046966404,0.0,5.011769334429322,587,True
adrenal_gland,excluded_at_or_below_-1,ENSG00000273788.1,U3,,,,,,,,,,-0.8114458881810944,-0.720735540139061,,,,,,,,,,3,False
adrenal_gland,raw,ENSG00000273788.1,U3,0.07692307692396753,320.2938321990199,-0.996899350174066,0.0012811035842917522,2.7692307745623106,304.85794464781395,0.0,3.4228153677597404,0.0029039921457579185,-1.0,-0.720735540139061,-0.9976171018468029,0.02384440352858793,10.124409812930914,102.72170097746323,-1.0,-0.720735540139061,315.1583357997772,0.0,0.9152173318326885,295,True
artery_aorta,excluded_at_or_below_-1,ENSG00000273788.1,U3,,,,,,,,,,-0.7793320111235998,-0.5768392356587679,,,,,,,,,,2,False
artery_aorta,raw,ENSG00000273788.1,U3,0.05218303357257869,480.7666881676472,-0.9951631078118953,0.0030001252786587096,1.897535354448723,197.1915298576707,0.0,2.2800376306993706,0.07442342790224221,-1.0,-0.5768392356587679,-0.9986359560313186,0.02194768838888376,17.206439702442992,308.44991577123324,-1.0,-0.5768392356587679,480.14147184771497,0.0,35.73377421293497,472,True
artery_coronary,excluded_at_or_below_-1,ENSG00000273788.1,U3,,,,,,,,,,,,,,,,,,,,,0,False
artery_coronary,raw,ENSG00000273788.1,U3,0.0,268.0,-0.9875,1.0001e-06,0.0,-17675.90193946968,0.0,,,-1.0,-1.0,-1.0,0.0,,,,-1.0,2.1887266716857407e-187,0.0,,268,True
artery_tibial,excluded_at_or_below_-1,ENSG00000273788.1,U3,,,,,,,,,,-0.7649702581077615,-0.74177175410402,,,,,,,,,,3,False
artery_tibial,raw,ENSG00000273788.1,U3,0.07692307692246629,690.6974459860919,-0.9968465680301912,0.0011730622824395046,2.76923076923447,307.5116016210231,0.0,3.8016960620797,0.0007369011739167418,-1.0,-0.74177175410402,-0.9989231292034297,0.01633215435132132,15.11214332554316,226.7168989852655,-1.0,-0.74177175410402,681.5108496769506,0.0,0.502206145163941,691,True
bladder,excluded_at_or_below_-1,ENSG00000273788.1,U3,,,,,,,,,,,,,,,,,,,,,0,False
bladder,raw,ENSG00000273788.1,U3,0.0,77.0,-0.9875,1.0001e-06,0.0,-17675.90193946968,0.0,,,-1.0,-1.0,-1.0,0.0,,,,-1.0,6.288505735813509e-188,0.0,,77,True
brain_amygdala,excluded_at_or_below_-1,ENSG00000273788.1,U3,,,,,,,,,,-0.8630251240959967,-0.5271743395401609,,,,,,,,,,4,False
brain_amygdala,raw,ENSG00000273788.1,U3,0.10256410741621495,217.39397820505312,-0.9953035310009435,0.002673517252107372,3.589743594287734,247.6268484838645,0.0,2.4842967250333623,0.04570055600945874,-1.0,-0.5271743395401609,-0.9930621297960742,0.04984564499069283,7.697450278170455,60.66238083316234,-1.0,-0.5271743395401609,217.34609281267436,0.0,9.932837288022629,181,True
brain_anterior_cingulate_cortex_ba24,excluded_at_or_below_-1,ENSG00000273788.1,U3,0.18630096704954527,0.45939078030242314,-0.8157328583852697,0.03039031341112887,11.399595277777898,7.949014129123755,0.0,1.8724638966762301,0.17324384242540594,-0.8559706033659684,-0.6449149302300656,-0.7728446644559034,0.06804925461825455,0.6158890842915358,-0.9724946343557446,-0.8559706033659684,-0.6449149302300656,0.45938832758565373,0.0,0.07958619903631975,12,True
brain_anterior_cingulate_cortex_ba24,raw,ENSG00000273788.1,U3,0.305455100656831,217.15543106492456,-0.9956042524735756,0.0040642615112244165,29.166101363406817,122.02698923937814,0.0,1.5295585068699271,0.31157790208755565,-1.0,-0.6449149302300656,-0.9883010127616774,0.052450404354361026,4.629249085171484,21.166975297347342,-1.0,-0.6449149302300656,216.36020649818556,0.0,67.41305923593498,233,True
brain_caudate_basal_ganglia,excluded_at_or_below_-1,ENSG00000273788.1,U3,0.13509815316144577,1.0110279603868886,-0.8619133989661332,0.03136376275989575,8.699144597745683,15.69339796188953,0.0,2.1435819892898795,0.10051264078853023,-0.9094527514071165,-0.5138726053625131,-0.7986723673151149,0.11289962150220832,1.5236801082116582,1.6621053712446523,-0.9094527514071165,-0.5138726053625131,1.011027867370492,0.0,0.10162108086020405,11,True
brain_caudate_basal_ganglia,raw,ENSG00000273788.1,U3,0.28205128205411506,296.04198376459277,-0.9942361482876605,0.001975925663895916,13.897435898715337,343.80677860871117,0.0,4.125315750505643,0.000201977365949645,-1.0,-0.5138726053625131,-0.9926179868015542,0.04316011963720709,7.300307329243375,62.214075401296896,-1.0,-0.5138726053625131,295.52137735340796,0.0,0.059688629379652136,300,True
brain_cerebellar_hemisphere,excluded_at_or_below_-1,ENSG00000273788.1,U3,,,,,,,,,,-0.8323453418222565,-0.3381044965644855,,,,,,,,,,6,False
brain_cerebellar_hemisphere,raw,ENSG00000273788.1,U3,0.15384615447936326,310.94071535342516,-0.9929069561624048,0.0031776100477945443,5.076923079497186,291.42358725903443,0.0,3.156799809528678,0.007002707399111612,-1.0,-0.3381044965644855,-0.9926021099387669,0.054774382712074215,8.709552060047066,85.17894941802055,-1.0,-0.3381044965644855,304.4077795981006,0.0,2.131678610538755,277,True
brain_cerebellum,excluded_at_or_below_-1,ENSG00000273788.1,U3,0.17948717948717952,17.09259342153575,-0.79087935181795,0.002062368495514873,5.743589743589743,482.5134145889337,0.0,4.185459595052172,0.00015822568634115764,-0.7969830692745985,-0.0872229229815021,-0.6223408308308168,0.22489534665309993,1.4662122706300074,1.1633857674414037,-0.7969830692745985,-0.0872229229815021,16.964066557950755,0.0,0.002684151074268837,10,True
brain_cerebellum,raw,ENSG00000273788.1,U3,0.25641025642135135,261.72635559055146,-0.9879970041659596,0.0039014702796514793,11.435897435899182,326.514578078247,0.0,4.350872435487172,7.769409384447431e-05,-1.0,-0.0872229229815021,-0.985802286873339,0.08305139958054998,7.379618970081597,62.97185710747259,-1.0,-0.0872229229815021,261.12137942195005,0.0,0.020287588957607572,266,True
brain_cortex,excluded_at_or_below_-1,ENSG00000273788.1,U3,,,,,,,,,,-0.8570037199761447,-0.3287147809200309,,,,,,,,,,8,False
brain_cortex,raw,ENSG00000273788.1,U3,0.20512820512829152,268.9955502331268,-0.9920834561959636,0.002880725965568498,8.358974359143799,325.66269358548965,0.0,3.886410491176283,0.0005253363210313363,-1.0,-0.3287147809200309,-0.9907827960914543,0.06078609598417875,8.040859357166834,71.76545594058031,-1.0,-0.3287147809200309,268.82845800691354,0.0,0.14122535311787904,270,True
brain_frontal_cortex_ba9,excluded_at_or_below_-1,ENSG00000273788.1,U3,0.0891001817727447,0.6784318857251541,-0.8456331861347909,0.06342752201258857,7.437564849192511,6.631829135779332,0.0,0.9466093539651163,0.6388842122877679,-0.8880886449377695,-0.5481954442795072,-0.7797100130753829,0.11437305728335279,1.333547634533404,0.25617851197801267,-0.8880886449377695,-0.5481954442795072,0.6784301268949959,0.0,0.43343829721359994,11,True
brain_frontal_cortex_ba9,raw,ENSG00000273788.1,U3,0.2820512820446893,308.3909013899317,-0.9953540628814334,0.002364110259947372,15.897435898092027,267.49081617408984,0.0,2.7792050964475714,0.02108066524124386,-1.0,-0.5481954442795072,-0.9909918592707406,0.04897410177675233,6.540035713632251,47.847820106637876,-1.0,-0.5481954442795072,307.5927452807591,0.0,6.484259693898873,269,True
brain_hippocampus,excluded_at_or_below_-1,ENSG00000273788.1,U3,,,,,,,,,,-0.9121488714469776,-0.7196957179167996,,,,,,,,,,6,False
brain_hippocampus,raw,ENSG00000273788.1,U3,0.15384615384615338,310.03420461587166,-0.9968288380003221,0.0007094397291980118,5.076923077355254,552.4435704326035,0.0,6.321467665049837,2.1479030914472955e-09,-1.0,-0.7196957179167996,-0.9956571137418195,0.029776685848518936,7.3420041465420915,55.5727121050266,-1.0,-0.7196957179167996,303.3780403465937,0.0,6.516266307377006e-07,255,True
brain_hypothalamus,excluded_at_or_below_-1,ENSG00000273788.1,U3,0.2564102564102538,17.432310136670235,-0.8587237969272429,0.001454929913711036,7.435897435897627,230.8789576519538,0.0,0.7494854136507535,0.7553465513729364,-0.8594948606316389,-0.6211976475028385,-0.7796257406748498,0.07412871647634492,0.8511514070063898,-0.27408086216576333,-0.8594948606316389,-0.6211976475028385,17.427332771729663,0.0,13.163675708754559,12,True
brain_hypothalamus,raw,ENSG00000273788.1,U3,0.3076923076923077,257.04237369653015,-0.9955938956607692,0.0014823150861420222,8.307692307692307,357.19548211885285,0.0,4.203676109098349,0.00014551190708118368,-1.0,-0.6211976475028385,-0.9897101513155572,0.049054023525694865,5.064709535935941,26.313948472148194,-1.0,-0.6211976475028385,256.9925698763616,0.0,0.037395478948403726,257,True
brain_nucleus_accumbens_basal_ganglia,excluded_at_or_below_-1,ENSG00000273788.1,U3,0.1345025823623362,0.4347750004560793,-0.8230744644352418,0.05353595893146364,8.855585566002716,5.337115222589757,0.0,0.817703281054943,0.7158316235359894,-0.8540291451407656,-0.6210345540771522,-0.7677843229553741,0.07822398221924322,0.8311799799615179,-0.6956833212562548,-0.8540291451407656,-0.6210345540771522,0.43477068004253155,0.0,0.31122260176069155,11,True
brain_nucleus_accumbens_basal_ganglia,raw,ENSG00000273788.1,U3,0.28205128205111113,295.95474768506637,-0.9957602391841225,0.0017794099182121554,9.897435897439738,297.8190357510658,0.0,3.3696155032431716,0.0034620770547408143,-1.0,-0.6210345540771522,-0.9910372896579267,0.047153522896035235,5.617787387904472,32.593528214119665,-1.0,-0.6210345540771522,292.63871937753925,0.0,1.0131377956857275,285,True
brain_putamen_basal_ganglia,excluded_at_or_below_-1,ENSG00000273788.1,U3,,,,,,,,,,-0.8616468479464785,-0.7678341417878044,,,,,,,,,,2,False
brain_putamen_basal_ganglia,raw,ENSG00000273788.1,U3,-0.30869502264666104,236.89742808470834,-0.9971215133601643,0.0028690764891938806,257.22663850658415,113.01940250802367,0.0,1.4188519757133156,0.36668631791105594,-1.0,-0.7678341417878044,-0.9985412637391113,0.016928364634463067,12.118468460912048,150.86136651712906,-1.0,-0.7678341417878044,236.11177270568174,0.0,86.57895654889899,254,True
brain_spinal_cord_cervical_c-1,excluded_at_or_below_-1,ENSG00000273788.1,U3,,,,,,,,,,-0.8362191968883657,-0.7673392432097249,,,,,,,,,,2,False
brain_spinal_cord_cervical_c-1,raw,ENSG00000273788.1,U3,0.05128205128205126,215.14330909580727,-0.9972379370209882,0.0005811221478103297,1.8974358974358978,559.4793658868853,0.0,6.721731291374339,1.553530637649766e-10,-1.0,-0.7673392432097249,-0.9980566590200887,0.019874576934322798,10.390756995145496,108.66702342826117,-1.0,-0.7673392432097249,213.96005569197837,0.0,3.3239350175073845e-08,204,True
brain_substantia_nigra,excluded_at_or_below_-1,ENSG00000273788.1,U3,,,,,,,,,,-0.8665035473285951,-0.6196606415988668,,,,,,,,,,4,False
brain_substantia_nigra,raw,ENSG00000273788.1,U3,0.1025641025641564,223.21006459097492,-0.9960576332350306,0.0017258284673050267,3.589743592669227,308.43489981337433,0.0,3.2305345823707237,0.005449281666662733,-1.0,-0.6196606415988668,-0.9944598827554699,0.03949808226907476,7.6404704902224365,60.30630732533892,-1.0,-0.6196606415988668,221.89581303832756,0.0,1.2091727858989791,183,True
breast_mammary_tissue,excluded_at_or_below_-1,ENSG00000273788.1,U3,,,,,,,,,,-0.847434942030602,-0.7438238509237938,,,,,,,,,,3,False
breast_mammary_tissue,raw,ENSG00000273788.1,U3,-0.407796296798755,474.2272369817813,-0.9968947921448316,0.0035458341523652128,1679.7634141661438,100.93431952495153,0.0,1.2384750312807014,0.464905345677708,-1.0,-0.7438238509237938,-0.9987176804554835,0.017141924532826452,13.742626303315681,191.408960012984,-1.0,-0.7438238509237938,473.758576649448,0.0,220.25289484499055,514,True
cells_cultured_fibroblasts,excluded_at_or_below_-1,ENSG00000273788.1,U3,,,,,,,,,,-0.7136995947093179,-0.7136995947093179,,,,,,,,,,1,False
cells_cultured_fibroblasts,raw,ENSG00000273788.1,U3,2.329740601960271,615.4723446037654,-0.9964377938568947,0.00336349899936606,1383.7928741256496,118.87983195797321,0.0,1.497761777392447,0.3270953419986138,-1.0,-0.7136995947093179,-0.9995608889489406,0.011212389213985714,25.47550855426263,647.0015360983087,-1.0,-0.7136995947093179,612.9285841511349,0.0,200.48608485364244,652,True
cells_ebv-transformed_lymphocytes,excluded_at_or_below_-1,ENSG00000273788.1,U3,,,,,,,,,,-0.6277666434895004,-0.6277666434895004,,,,,,,,,,1,False
cells_ebv-transformed_lymphocytes,raw,ENSG00000273788.1,U3,0.02564102564102882,369.2767768503278,-0.9959007279188863,0.0015676509963154434,0.9743589807110151,332.10211724133023,0.0,3.698046431631825,0.0011002707768620877,-1.0,-0.6277666434895004,-0.9988616716926285,0.020584551650784898,18.000085207705627,322.0030674846619,-1.0,-0.6277666434895004,359.95236349727537,0.0,0.3960450666184822,327,True
cervix_ectocervix,excluded_at_or_below_-1,ENSG00000273788.1,U3,,,,,,,,,,,,,,,,,,,,,0,False
cervix_ectocervix,raw,ENSG00000273788.1,U3,0.0,24.0,-0.9875,1.0001e-06,0.0,-17675.90193946968,0.0,,,-1.0,-1.0,-1.0,0.0,,,,-1.0,1.9600537358379766e-188,0.0,,24,True
cervix_endocervix,excluded_at_or_below_-1,ENSG00000273788.1,U3,,,,,,,,,,,,,,,,,,,,,0,False
cervix_endocervix,raw,ENSG00000273788.1,U3,0.0,23.0,-0.9875,1.0001e-06,0.0,-17675.90193946968,0.0,,,-1.0,-1.0,-1.0,0.0,,,,-1.0,1.878384830178061e-188,0.0,,23,True
colon_sigmoid,excluded_at_or_below_-1,ENSG00000273788.1,U3,,,,,,,,,,-0.8397109676362888,-0.6657612593272229,,,,,,,,,,2,False
colon_sigmoid,raw,ENSG00000273788.1,U3,0.051282051282051024,535.1796242528046,-0.996558202505891,0.0014734369872986966,1.8974358979101749,317.500868695105,0.0,3.303457655175768,0.004286173283468768,-1.0,-0.6657612593272229,-0.9988197427851158,0.018092296577048875,16.57129897760722,286.74678448857696,-1.0,-0.6657612593272229,533.0137118738511,0.0,2.284589131556219,419,True
colon_transverse,excluded_at_or_below_-1,ENSG00000273788.1,U3,,,,,,,,,,-0.7759115544059927,-0.7421783202238306,,,,,,,,,,2,False
colon_transverse,raw,ENSG00000273788.1,U3,0.05128205128205126,505.71617137961755,-0.9969737891102136,0.0008122137487610603,1.8974358974358976,443.6457869372259,0.0,5.269189901630677,9.357530895270965e-07,-1.0,-0.7421783202238306,-0.9989939245816907,0.01559173233874157,15.492174675829203,239.16215772709347,-1.0,-0.7421783202238306,505.5812030186205,0.0,0.00047309917273150037,479,True
esophagus_gastroesophageal_junction,excluded_at_or_below_-1,ENSG00000273788.1,U3,,,,,,,,,,-0.7531906287454371,-0.7531906287454371,,,,,,,,,,1,False
esophagus_gastroesophageal_junction,raw,ENSG00000273788.1,U3,0.025641025641025626,413.63307886862697,-0.9970197345430746,0.000620098633956804,0.9743589743589746,556.0831929591766,0.0,6.796873267986604,9.522602246763779e-11,-1.0,-0.7531906287454371,-0.9993875697983757,0.012294450496064487,20.00006218895803,398.0024875621891,-1.0,-0.7531906287454371,403.83406106835633,0.0,3.84555113724927e-08,403,True
esophagus_mucosa,excluded_at_or_below_-1,ENSG00000273788.1,U3,,,,,,,,,,-0.8119650181328828,-0.6710544188549376,,,,,,,,,,4,False
esophagus_mucosa,raw,ENSG00000273788.1,U3,0.10256410236483791,632.0413524855416,-0.9955896047134244,0.0015810261949860622,3.5897435913306213,290.2937742359109,0.0,3.9450585002842598,0.00041733309541143123,-1.0,-0.6710544188549376,-0.9982869262577211,0.021597866843935252,12.955398446654678,170.69387603644782,-1.0,-0.6710544188549376,631.9671423828004,0.0,0.2637408037289307,614,True
esophagus_muscularis,excluded_at_or_below_-1,ENSG00000273788.1,U3,,,,,,,,,,-0.7088043202786019,-0.7088043202786019,,,,,,,,,,1,False
esophagus_muscularis,raw,ENSG00000273788.1,U3,1.9522267998780742,524.5476149320984,-0.9964351753399685,0.0037973093500246976,1481.5757618653947,107.12096874122439,0.0,1.3276304132730448,0.41499693436474333,-1.0,-0.7088043202786019,-0.9994809346172525,0.012294291234106672,23.62206141966209,556.0017857142875,-1.0,-0.7088043202786019,523.595319024075,0.0,217.29045224272033,561,True
fallopian_tube,excluded_at_or_below_-1,ENSG00000273788.1,U3,,,,,,,,,,,,,,,,,,,,,0,False
fallopian_tube,raw,ENSG00000273788.1,U3,0.0,29.0,-0.9875,1.0001e-06,0.0,-17675.90193946968,0.0,,,-1.0,-1.0,-1.0,0.0,,,,-1.0,2.368398264137555e-188,0.0,,29,True
heart_atrial_appendage,excluded_at_or_below_-1,ENSG00000273788.1,U3,,,,,,,,,,-0.8974318929283075,-0.8502086656178047,,,,,,,,,,2,False
heart_atrial_appendage,raw,ENSG00000273788.1,U3,0.05128205128205127,503.5871106058665,-0.9982768870701856,0.0004899833815372959,1.8974358974358974,427.3616102600023,0.0,4.973331273397448,4.270021394090114e-06,-1.0,-0.8502086656178047,-0.9994525825564992,0.008446701759702323,15.838747781735846,255.70072826036863,-1.0,-0.8502086656178047,502.0182382811118,0.0,0.0021436286176837738,461,True
heart_left_ventricle,excluded_at_or_below_-1,ENSG00000273788.1,U3,,,,,,,,,,,,,,,,,,,,,0,False
heart_left_ventricle,raw,ENSG00000273788.1,U3,0.0,452.0,-0.9875,1.0001e-06,0.0,-17675.90193946968,0.0,,,-1.0,-1.0,-1.0,0.0,,,,-1.0,3.6914345358281893e-187,0.0,,452,True
kidney_cortex,excluded_at_or_below_-1,ENSG00000273788.1,U3,,,,,,,,,,,,,,,,,,,,,0,False
kidney_cortex,raw,ENSG00000273788.1,U3,0.0,104.0,-0.9875,1.0001e-06,0.0,-17675.90193946968,0.0,,,-1.0,-1.0,-1.0,0.0,,,,-1.0,8.493566188631232e-188,0.0,,104,True
kidney_medulla,excluded_at_or_below_-1,ENSG00000273788.1,U3,,,,,,,,,,,,,,,,,,,,,0,False
kidney_medulla,raw,ENSG00000273788.1,U3,0.0,11.0,-0.9875,1.0001e-06,0.0,-17675.90193946968,0.0,,,-1.0,-1.0,-1.0,0.0,,,,-1.0,8.983579622590726e-189,0.0,,11,True
liver,excluded_at_or_below_-1,ENSG00000273788.1,U3,,,,,,,,,,-0.9568417064996004,-0.9568417064996004,,,,,,,,,,1,False
liver,raw,ENSG00000273788.1,U3,0.02564102563368864,281.61068071875064,-0.9995171719915633,0.0002053534121989033,0.9743589835458148,293.89442051667663,0.0,3.325106266866151,0.004017169489291156,-1.0,-0.9568417064996004,-0.9998352736889299,0.0026663282769394674,16.09359597534462,257.0038314176274,-1.0,-0.9568417064996004,278.5332497051702,0.0,1.118915272468851,262,True
lung,excluded_at_or_below_-1,ENSG00000273788.1,U3,,,,,,,,,,-0.7264148864675659,-0.5565949155884191,,,,,,,,,,5,False
lung,raw,ENSG00000273788.1,U3,0.1314842096900157,550.268645530749,-0.9944937620398475,0.005461468892339015,2448.7081042699956,113.39119563014115,0.0,1.4258062353562337,0.3631531999822076,-1.0,-0.5565949155884191,-0.9971586705153608,0.031645645576148504,11.414765452325545,132.54850703906837,-1.0,-0.5565949155884191,548.3289552958453,0.0,199.12741475858755,604,True
minor_salivary_gland,excluded_at_or_below_-1,ENSG00000273788.1,U3,,,,,,,,,,,,,,,,,,,,,0,False
minor_salivary_gland,raw,ENSG00000273788.1,U3,0.0,181.0,-0.9875,1.0001e-06,0.0,-17675.90193946968,0.0,,,-1.0,-1.0,-1.0,0.0,,,,-1.0,1.478207192444474e-187,0.0,,181,True
muscle_skeletal,excluded_at_or_below_-1,ENSG00000273788.1,U3,0.10565603844562525,0.7653480064029935,-0.8152522963724177,0.05811149163787408,7.075104756057648,10.986164612101287,0.0,1.6326491010173545,0.2637598916461701,-0.8823395292385402,-0.3638194788868188,-0.7354046152414766,0.1523523852551338,1.573346707259971,1.5883420685225529,-0.8823395292385402,-0.3638194788868188,0.7653055671170584,0.0,0.20185691345900608,10,True
muscle_skeletal,raw,ENSG00000273788.1,U3,0.26172607761860567,807.5447655802379,-0.9920549095534945,0.004556983569347203,9.477381972125496,194.96648449390585,0.0,2.4656781163989847,0.04844966309687582,-1.0,-0.3638194788868188,-0.9967653375946393,0.03319851740054189,13.047796584257037,200.75928964893674,-1.0,-0.3638194788868188,797.4699057906362,0.0,38.63714826545341,818,True
nerve_tibial,excluded_at_or_below_-1,ENSG00000273788.1,U3,,,,,,,,,,-0.716311684710199,-0.541176015072508,,,,,,,,,,3,False
nerve_tibial,raw,ENSG00000273788.1,U3,0.07894736839932408,721.9036662292348,-0.9949584914313991,0.002464968122673561,2.7693905847486606,260.34630084300665,0.0,2.892438943511535,0.01551094992319585,-1.0,-0.541176015072508,-0.9983881386581108,0.0245473225251639,15.765498663173453,255.70788736408906,-1.0,-0.541176015072508,709.8113571372483,0.0,11.009848415471405,670,True
ovary,excluded_at_or_below_-1,ENSG00000273788.1,U3,,,,,,,,,,-0.6895365575020693,-0.62177583462521,,,,,,,,,,3,False
ovary,raw,ENSG00000273788.1,U3,0.07692307697374741,222.1108316122847,-0.9953813463105122,0.00027585479058289333,2.769230769230772,1915.3482181195786,0.0,23.678264473052835,0.0,-1.0,-0.62177583462521,-0.9947945402779853,0.041711182798033174,7.939065505481948,61.635121327094296,-1.0,-0.62177583462521,132.22200275917078,0.0,0.0,193,True
pancreas,excluded_at_or_below_-1,ENSG00000273788.1,U3,,,,,,,,,,-0.7165522916220203,-0.7165522916220203,,,,,,,,,,1,False
pancreas,raw,ENSG00000273788.1,U3,0.025641020968018402,398.3967876206799,-0.9969268469193293,0.0014962876631434271,0.9743589795808373,264.99550080683395,0.0,2.9045850426936153,0.01508790368228894,-1.0,-0.7165522916220203,-0.9992169952807238,0.014897680803668016,18.947368421052655,357.00277008310275,-1.0,-0.7165522916220203,388.7759696413038,0.0,5.86581438393634,362,True
pituitary,excluded_at_or_below_-1,ENSG00000273788.1,U3,,,,,,,,,,-0.8003232583854489,-0.4984986897186749,,,,,,,,,,6,False
pituitary,raw,ENSG00000273788.1,U3,0.15384615384615385,313.94675010472207,-0.9939487901186493,0.0014383776795802291,7.076923077320922,487.12675496274187,0.0,5.949552196520438,2.09520813111059e-08,-1.0,-0.4984986897186749,-0.9939401787054183,0.04522350823222648,7.983589485564145,67.35648855876306,-1.0,-0.4984986897186749,308.48263869041875,0.0,6.4633533289060185e-06,313,True
prostate,excluded_at_or_below_-1,ENSG00000273788.1,U3,,,,,,,,,,-0.721507275516156,-0.6268340202999805,,,,,,,,,,2,False
prostate,raw,ENSG00000273788.1,U3,0.051282051064930764,310.6259176423215,-0.995994006998533,0.00204234245704216,1.8974358990438305,255.62366295349813,0.0,2.773937159222226,0.021706767213160456,-1.0,-0.6268340202999805,-0.9976891535312629,0.027680508371468435,12.113892598981945,147.46208966443112,-1.0,-0.6268340202999805,305.3189241612633,0.0,6.627486812541126,282,True
skin_not_sun_exposed_suprapubic,excluded_at_or_below_-1,ENSG00000273788.1,U3,,,,,,,,,,-0.8350374175355169,-0.698996572948959,,,,,,,,,,6,False
skin_not_sun_exposed_suprapubic,raw,ENSG00000273788.1,U3,0.15386038126883714,711.0867320113638,-0.9964277045077993,0.0006083978576000887,5.07692308481744,691.3751172328699,0.0,8.303758257472696,1.0732242692891854e-15,-1.0,-0.698996572948959,-0.9977516907884906,0.02371272765067687,10.733379420383171,115.84465689502213,-1.0,-0.698996572948959,705.3563649301997,0.0,7.57005569340663e-13,651,True
skin_sun_exposed_lower_leg,excluded_at_or_below_-1,ENSG00000273788.1,U3,,,,,,,,,,-0.7848805754827048,-0.7318471061429204,,,,,,,,,,3,False
skin_sun_exposed_lower_leg,raw,ENSG00000273788.1,U3,0.07692307692307691,905.0689276303953,-0.9970845066451292,0.0010099990708853073,2.7692307812859274,371.38878623919413,0.0,4.082310927130771,0.000252028931085615,-1.0,-0.7318471061429204,-0.9990483367086553,0.015130570916740325,15.96076717134698,254.91857516893526,-1.0,-0.7318471061429204,863.8045450357404,0.0,0.21770373615225344,754,True
small_intestine_terminal_ileum,excluded_at_or_below_-1,ENSG00000273788.1,U3,,,,,,,,,,-0.7605115254922823,-0.7605115254922823,,,,,,,,,,1,False
small_intestine_terminal_ileum,raw,ENSG00000273788.1,U3,-0.1498512326263869,195.72887397966937,-0.9970264283695264,0.0028849534860702812,116.76631145038378,115.94037303109765,0.0,1.4576544643816667,0.34690512743169,-1.0,-0.7605115254922823,-0.9988430508477888,0.01664559964513315,14.283026792978163,202.004854368932,-1.0,-0.7605115254922823,195.01102222581045,0.0,67.65032351582889,207,True
spleen,excluded_at_or_below_-1,ENSG00000273788.1,U3,,,,,,,,,,,,,,,,,,,,,0,False
spleen,raw,ENSG00000273788.1,U3,0.0,277.0,-0.9875,1.0001e-06,0.0,-17675.90193946968,0.0,,,-1.0,-1.0,-1.0,0.0,,,,-1.0,2.2622286867796648e-187,0.0,,277,True
stomach,excluded_at_or_below_-1,ENSG00000273788.1,U3,,,,,,,,,,-0.7301912393455825,-0.7301912393455825,,,,,,,,,,1,False
stomach,raw,ENSG00000273788.1,U3,0.026315789471667,411.550073658496,-0.9968360367202584,0.0017863437193646463,0.9743824245988578,211.09749747244285,0.0,2.5048481613899853,0.043408732266054594,-1.0,-0.7301912393455825,-0.9993370792121513,0.013373923739183858,20.099812512911345,402.0024630541873,-1.0,-0.7301912393455825,411.5346400045543,0.0,17.864197006164858,407,True
testis,excluded_at_or_below_-1,ENSG00000273788.1,U3,,,,,,,,,,-0.81173201963459,-0.6581781658978983,,,,,,,,,,8,False
testis,raw,ENSG00000273788.1,U3,0.205128205128186,524.7140059533169,-0.9965385738835533,0.0016004247611688333,8.358974358974667,298.9917986484634,0.0,3.058685342669008,0.009304762140751136,-1.0,-0.6581781658978983,-0.9952645724446046,0.0345339334637223,7.493690877800024,56.8667681861805,-1.0,-0.6581781658978983,524.4259850371767,0.0,4.8796590512000275,414,True
thyroid,excluded_at_or_below_-1,ENSG00000273788.1,U3,,,,,,,,,,-0.8060050109067056,-0.6885271105301207,,,,,,,,,,4,False
thyroid,raw,ENSG00000273788.1,U3,0.10256410256408355,750.1727144164198,-0.9957121764909885,0.0012575867647605574,3.5897435897438994,345.443589749489,0.0,4.821852717781429,9.03156058188008e-06,-1.0,-0.6885271105301207,-0.9984608620019932,0.020410560882067687,13.545844191105267,185.71053690327554,-1.0,-0.6885271105301207,742.451117485205,0.0,0.006705492246652067,684,True
uterus,excluded_at_or_below_-1,ENSG00000273788.1,U3,,,,,,,,,,-0.670243766344315,-0.6532575103254904,,,,,,,,,,2,False
uterus,raw,ENSG00000273788.1,U3,0.05128205128205128,176.54128383279095,-0.9961978696846989,0.001344678981755935,1.8974358974358974,360.67411915487475,0.0,3.998741953107233,0.0003490077866868704,-1.0,-0.6532575103254904,-0.995578439716796,0.038557744451610386,8.582413502136095,71.7071811572968,-1.0,-0.6532575103254904,170.5455595685758,0.0,0.05952172827430417,153,True
vagina,excluded_at_or_below_-1,ENSG00000273788.1,U3,,,,,,,,,,,,,,,,,,,,,0,False
vagina,raw,ENSG00000273788.1,U3,0.0,170.0,-0.9875,1.0001e-06,0.0,-17675.90193946968,0.0,,,-1.0,-1.0,-1.0,0.0,,,,-1.0,1.3883713962185667e-187,0.0,,170,True
whole_blood,excluded_at_or_below_-1,ENSG00000273788.1,U3,,,,,,,,,,-0.7762376689788281,-0.4661157563513488,,,,,,,,,,5,False
whole_blood,raw,ENSG00000273788.1,U3,1.7112840925857529,735.2919337570158,-0.9933582412983578,0.006436053895399076,3955.737236814985,115.85258373991888,0.0,1.459413700775045,0.3460994781315809,-1.0,-0.4661157563513488,-0.9981048895042522,0.025649179929490274,15.566308666682039,271.2077652605886,-1.0,-0.4661157563513488,732.4187918163419,0.0,253.4897616213989,803,True
adipose_subcutaneous,excluded_at_or_below_-1,ENSG00000275154.1,U3,0.43827172260785563,1.9306549677501692,-0.757482714248178,0.03426831171412764,25.605806647256564,12.904446051734556,0.0,3.9739214221019297,0.0003722200507220608,-0.8537762173252695,-0.4447904932395384,-0.700300267652812,0.0879360944862273,0.9044190097982903,0.7566927632502534,-0.8537762173252695,-0.4447904932395384,1.930654214522856,0.0,0.0007186282096564578,29,True
adipose_subcutaneous,raw,ENSG00000275154.1,U3,0.743589743528846,799.9366544835107,-0.9941169530802207,0.0026746326334500885,51.43589743951024,290.4566855131021,0.0,3.1106644845266604,0.008037385309179166,-1.0,-0.4447904932395384,-0.9878273217954224,0.06171348131025111,5.325213707436294,29.06459239361334,-1.0,-0.4447904932395384,788.4486132143352,0.0,6.33706530089164,714,True
adipose_visceral_omentum,excluded_at_or_below_-1,ENSG00000275154.1,U3,0.8792789434857605,5.3065556190056515,-0.7547277871370427,0.07855987455651074,82.58327759526432,8.630781101908156,0.0,2.047908115288619,0.12282910548940992,-0.8684895335386023,-0.2752859979119081,-0.6781244862734205,0.14149237997209388,1.2814398529330704,0.9062462402145415,-0.8684895335386023,-0.2752859979119081,5.306542095978223,0.0,0.6517978188909037,84,True
adipose_visceral_omentum,raw,ENSG00000275154.1,U3,2.611970243969654,466.5344776216996,-0.9909623429086846,0.008038968357032812,1426.765936878352,125.90162672783816,0.0,1.5899026669801724,0.283968088932162,-1.0,-0.2752859979119081,-0.9539394494837604,0.12474565754023681,2.9806576236490554,9.04019631936046,-1.0,-0.2752859979119081,464.2067753005373,0.0,131.81991085145512,587,True
adrenal_gland,excluded_at_or_below_-1,ENSG00000275154.1,U3,0.05594121947249798,999732654261.2075,-8.246802276442546,1.4085979920416487,7.483454299672988,8.026669496766031,0.0,-7.435116401788358,1.0,-0.8412092933142887,-0.2520051420167042,-0.6801355554482222,0.16680328700885294,1.5660621622626925,2.004486938311593,-0.8412092933142887,-0.2520051420167042,0.98009829926161,0.0,0.9800982992616101,11,True
adrenal_gland,raw,ENSG00000275154.1,U3,0.2820512827241938,287.85834832207,-0.9910828722085546,0.003595768097248387,7.897435897702746,290.6788539797863,0.0,3.5071013255072234,0.002138853386452986,-1.0,-0.2520051420167042,-0.9880728512201032,0.06805643612260791,6.993970800646365,57.1046557230267,-1.0,-0.2520051420167042,287.1699077377532,0.0,0.6142143296522848,295,True
artery_aorta,excluded_at_or_below_-1,ENSG00000275154.1,U3,1.9191443323320476,17.74587482325862,-0.6864395525386173,0.11519668680495025,307.8342050730781,22.126430083236674,0.0,2.099804728785703,0.11029634614178693,-0.857481999117605,1.1158988666553862,-0.44370019025933105,0.34403660169525613,1.6998717443485831,3.5628394142379287,-0.857481999117605,1.1158988666553862,17.745777758978083,0.0,1.9572944462594706,149,True
artery_aorta,raw,ENSG00000275154.1,U3,3.9210537992395755,306.84752719075436,-0.9735517630088302,0.012772998037247279,1209.7455288876456,231.34188306952544,0.0,2.92832233628302,0.013990589934432437,-1.0,1.1158988666553862,-0.8243884075183058,0.32278050153033966,2.318640716863192,6.355830597905637,-1.0,1.1158988666553862,301.3238019192183,0.0,4.215697750135929,472,True
artery_coronary,excluded_at_or_below_-1,ENSG00000275154.1,U3,0.2836319755022575,2.523762931309224,-0.6876972864553765,0.07753629925941874,45.09228337470722,10.016298904848831,0.0,1.8188245274643007,0.1912716228633468,-0.7874169657272954,-0.1385392455333655,-0.6054167142386364,0.17772814260024283,1.3987360445721309,0.8455108015604709,-0.7874169657272954,-0.1385392455333655,2.52376147027836,0.0,0.4827239521401282,32,True
artery_coronary,raw,ENSG00000275154.1,U3,0.804679318100385,227.14472234392645,-0.9892391467412458,0.008805890662849852,141.81372774296545,136.6211986793266,0.0,1.7281777850637026,0.22602866386761028,-1.0,-0.1385392455333655,-0.9528855778195388,0.14177287133408073,3.3948384189076357,12.123257691792267,-1.0,-0.1385392455333655,225.7394788257709,0.0,51.02359278115969,268,True
artery_tibial,excluded_at_or_below_-1,ENSG00000275154.1,U3,0.5688191236324251,3.8222342404202516,-0.7362335644830759,0.053442454808484585,25.671585695645092,13.554763335061008,0.0,2.9018697716576622,0.014840864178506236,-0.8458938366358104,-0.2240055345396097,-0.6493599845811608,0.14303099915801282,1.3250145941925333,1.1360200804301668,-0.8458938366358104,-0.2240055345396097,3.82203061270395,0.0,0.05672223720923231,46,True
artery_tibial,raw,ENSG00000275154.1,U3,1.1794871853510867,646.2663957317711,-0.9900915603871236,0.0033861053445470835,101.74358974361871,319.95733666194417,0.0,4.138279308129204,0.00019459541545903432,-1.0,-0.2240055345396097,-0.9766578282065608,0.09478989095976284,4.5655781419123445,22.562355314901332,-1.0,-0.2240055345396097,634.6806298842071,0.0,0.12350594085611877,691,True
bladder,excluded_at_or_below_-1,ENSG00000275154.1,U3,,,,,,,,,,-0.8207437528094925,-0.1131985978535803,,,,,,,,,,6,False
bladder,raw,ENSG00000275154.1,U3,0.1538461538461538,73.9838779543013,-0.9896874993973195,0.003710914598311166,5.076923076923078,334.02614341940586,0.0,3.9300495411370586,0.0004427712048706298,-1.0,-0.1131985978535803,-0.9688283533118217,0.12612719780268458,4.9863396879109505,27.553234496922567,-1.0,-0.1131985978535803,73.97002140582269,0.0,0.03275179550216237,77,True
brain_amygdala,excluded_at_or_below_-1,ENSG00000275154.1,U3,,,,,,,,,,,,,,,,,,,,,0,False
brain_amygdala,raw,ENSG00000275154.1,U3,0.0,181.0,-0.9875,1.0001e-06,0.0,-17675.90193946968,0.0,,,-1.0,-1.0,-1.0,0.0,,,,-1.0,1.478207192444474e-187,0.0,,181,True
brain_anterior_cingulate_cortex_ba24,excluded_at_or_below_-1,ENSG00000275154.1,U3,,,,,,,,,,-0.8330969204866336,-0.8066723281355536,,,,,,,,,,2,False
brain_anterior_cingulate_cortex_ba24,raw,ENSG00000275154.1,U3,0.05128611037163349,250.03992555725586,-0.9976935476226925,0.0003908233561980394,1.8974358980784696,691.2196904702669,0.0,8.346011519597171,7.598942240047966e-16,-1.0,-0.8066723281355536,-0.9984539452730566,0.01669649072714937,10.74146605988464,113.99986230837395,-1.0,-0.8066723281355536,246.41981077839054,0.0,1.8725299089084046e-13,233,True
brain_caudate_basal_ganglia,excluded_at_or_below_-1,ENSG00000275154.1,U3,,,,,,,,,,,,,,,,,,,,,0,False
brain_caudate_basal_ganglia,raw,ENSG00000275154.1,U3,0.0,300.0,-0.9875,1.0001e-06,0.0,-17675.90193946968,0.0,,,-1.0,-1.0,-1.0,0.0,,,,-1.0,2.450067169797471e-187,0.0,,300,True
brain_cerebellar_hemisphere,excluded_at_or_below_-1,ENSG00000275154.1,U3,,,,,,,,,,-0.8573356236361531,-0.6500776824237615,,,,,,,,,,3,False
brain_cerebellar_hemisphere,raw,ENSG00000275154.1,U3,-0.2608547865043465,256.43901366863037,-0.9956465704080474,0.004192139615050749,333.79087491666246,116.57727389779451,0.0,1.4686245538368843,0.34148293756170744,-1.0,-0.6500776824237615,-0.997533746382639,0.02535466954038489,11.435987542413919,139.6560395361423,-1.0,-0.6500776824237615,255.42259205787857,0.0,87.22245705555004,277,True
brain_cerebellum,excluded_at_or_below_-1,ENSG00000275154.1,U3,,,,,,,,,,-0.7712871879692679,-0.6789366270777193,,,,,,,,,,3,False
brain_cerebellum,raw,ENSG00000275154.1,U3,0.07692307692307696,270.80334025798095,-0.9962023094489454,0.0012546142231832389,2.769230769230769,357.6250153983881,0.0,4.280794353957632,0.00010502906320766977,-1.0,-0.6789366270777193,-0.9970087329494461,0.028382720334078168,9.591374550672368,92.21482791936218,-1.0,-0.6789366270777193,270.444304555497,0.0,0.028404511957313583,266,True
brain_cortex,excluded_at_or_below_-1,ENSG00000275154.1,U3,,,,,,,,,,-0.8178136877906251,-0.7680011930277312,,,,,,,,,,6,False
brain_cortex,raw,ENSG00000275154.1,U3,0.15384615384615624,289.2338170290781,-0.9973808723640124,0.0009266154074027502,7.076923100857172,350.0825162830092,0.0,3.9973497038886454,0.0003423985218733482,-1.0,-0.7680011930277312,-0.9955365706566096,0.029809466020714687,6.586603591069051,41.88112882415406,-1.0,-0.7680011930277312,286.39395257212993,0.0,0.09806086603416297,270,True
brain_frontal_cortex_ba9,excluded_at_or_below_-1,ENSG00000275154.1,U3,,,,,,,,,,-0.8351686785576616,-0.5481722389893284,,,,,,,,,,2,False
brain_frontal_cortex_ba9,raw,ENSG00000275154.1,U3,-0.05474334353078853,253.03212416323424,-0.9943662311579666,0.005139582420953895,202.7889484749019,122.77526528257678,0.0,1.5501944810138846,0.30215446655042416,-1.0,-0.5481722389893284,-0.997707587054078,0.02928909257042478,14.15440077056179,208.3851191643145,-1.0,-0.5481722389893284,251.83696223772097,0.0,76.09366298261789,269,True
brain_hippocampus,excluded_at_or_below_-1,ENSG00000275154.1,U3,,,,,,,,,,-0.8053127905306238,-0.8053127905306238,,,,,,,,,,1,False
brain_hippocampus,raw,ENSG00000275154.1,U3,0.02564102648553067,325.4978527342313,-0.9971583748192387,0.0008191516965636437,0.974358974431997,331.20925992157873,0.0,4.9058860363374075,6.001784556662932e-06,-1.0,-0.8053127905306238,-0.999236520747179,0.01219178597333061,15.874631869995433,250.00393700787447,-1.0,-0.8053127905306238,322.1285440112442,0.0,0.001933346120706999,255,True
brain_hypothalamus,excluded_at_or_below_-1,ENSG00000275154.1,U3,,,,,,,,,,-0.8573643747908002,-0.7370172916647572,,,,,,,,,,4,False
brain_hypothalamus,raw,ENSG00000275154.1,U3,0.10256410256340834,339.29567028402175,-0.9974765529087191,0.0014089954336488544,3.5897435915808242,261.42385624557375,0.0,2.532792523804447,0.04070768340107878,-1.0,-0.7370172916647572,-0.9968321850732171,0.026021942807271364,8.508224533942728,73.40189664296017,-1.0,-0.7370172916647572,337.2050996920808,0.0,13.726838439494255,257,True
brain_nucleus_accumbens_basal_ganglia,excluded_at_or_below_-1,ENSG00000275154.1,U3,,,,,,,,,,-0.8724855741891647,-0.7872488961374119,,,,,,,,,,3,False
brain_nucleus_accumbens_basal_ganglia,raw,ENSG00000275154.1,U3,0.07692307679917451,304.72044426137626,-0.9976165599725065,0.000989572955950231,2.7692307806570056,300.6395854812522,0.0,3.406209912787824,0.0030569387135436026,-1.0,-0.7872488961374119,-0.9981439950171116,0.01839964645114936,10.127401782289361,103.24424084472152,-1.0,-0.7872488961374119,301.4496727348673,0.0,0.9215131747682861,285,True
brain_putamen_basal_ganglia,excluded_at_or_below_-1,ENSG00000275154.1,U3,,,,,,,,,,-0.8713146298937791,-0.6827746683474374,,,,,,,,,,4,False
brain_putamen_basal_ganglia,raw,ENSG00000275154.1,U3,0.10256410250217822,261.1758502982169,-0.9963597924251514,0.001547376805799189,3.5897435900230925,286.59879983150347,0.0,3.326940731508272,0.003956496998587594,-1.0,-0.6827746683474374,-0.9966845013761857,0.02761472240144607,8.970294209280556,84.64948011979173,-1.0,-0.6827746683474374,260.6876278567158,0.0,1.0314098171840154,254,True
brain_spinal_cord_cervical_c-1,excluded_at_or_below_-1,ENSG00000275154.1,U3,,,,,,,,,,-0.7495658945962733,-0.6280954895508196,,,,,,,,,,3,False
brain_spinal_cord_cervical_c-1,raw,ENSG00000275154.1,U3,0.07692307692307696,250.90924947138083,-0.996038214265334,0.0014575652232281771,2.76923076984082,356.9991813576067,0.0,3.84395224851224,0.0006351495663735872,-1.0,-0.6280954895508196,-0.9953765221515214,0.03841789069661978,8.360672132386936,69.37397464600654,-1.0,-0.6280954895508196,244.38795024186751,0.0,0.15522290062305152,204,True
brain_substantia_nigra,excluded_at_or_below_-1,ENSG00000275154.1,U3,,,,,,,,,,,,,,,,,,,,,0,False
brain_substantia_nigra,raw,ENSG00000275154.1,U3,0.0,183.0,-0.9875,1.0001e-06,0.0,-17675.90193946968,0.0,,,-1.0,-1.0,-1.0,0.0,,,,-1.0,1.4945409735764572e-187,0.0,,183,True
breast_mammary_tissue,excluded_at_or_below_-1,ENSG00000275154.1,U3,0.7069878557173405,4.434989677923557,-0.7179082835359807,0.11057345382373113,46.62108773839396,8.012293906001284,0.0,1.782697741896904,0.2041285016508031,-0.8572924979784833,-0.0914491448251708,-0.6241389065347287,0.17895550124687448,1.1517451929257898,0.6237200934067229,-0.8572924979784833,-0.0914491448251708,4.434989473527357,0.0,0.9053077560682233,72,True
breast_mammary_tissue,raw,ENSG00000275154.1,U3,2.830927075268504,427.3864191596198,-0.9886582468992448,0.009292360929326874,357.019594151912,136.5471369534562,0.0,1.7261125754977744,0.22680677926742224,-1.0,-0.0914491448251708,-0.9473501970243199,0.14656910367399253,3.121189427999076,10.018886019391852,-1.0,-0.0914491448251708,424.79770691522265,0.0,96.34699974562801,514,True
cells_cultured_fibroblasts,excluded_at_or_below_-1,ENSG00000275154.1,U3,,,,,,,,,,-0.7398093019379737,-0.6775157091325656,,,,,,,,,,4,False
cells_cultured_fibroblasts,raw,ENSG00000275154.1,U3,-0.7664272954445944,599.6553044952417,-0.9960282101317568,0.004200325421975345,2638.3377672231436,107.24042864435806,0.0,1.337267600547979,0.40991635807249577,-1.0,-0.6775157091325656,-0.998223875555953,0.02270462415898273,12.78635449259995,162.65539456694748,-1.0,-0.6775157091325656,598.2536480766938,0.0,245.23395662318288,652,True
cells_ebv-transformed_lymphocytes,excluded_at_or_below_-1,ENSG00000275154.1,U3,,,,,,,,,,-0.8735213382156184,-0.5786458036019636,,,,,,,,,,15,False
cells_ebv-transformed_lymphocytes,raw,ENSG00000275154.1,U3,0.3846153814961913,327.68561526719265,-0.9942497016144872,0.0021555673979492982,23.2307693221846,272.66726603102035,0.0,3.7726261643320376,0.0008143622245223293,-1.0,-0.5786458036019636,-0.988554913582774,0.05572866035507259,5.269377110071287,28.744826229863083,-1.0,-0.5786458036019636,326.62276087208335,0.0,0.2659892381234145,327,True
cervix_ectocervix,excluded_at_or_below_-1,ENSG00000275154.1,U3,,,,,,,,,,-0.6702690205959406,-0.5938726321621295,,,,,,,,,,3,False
cervix_ectocervix,raw,ENSG00000275154.1,U3,0.07692307692306086,27.24862009970822,-0.9959511974544476,0.001999763988278802,2.7692307692309046,284.34603458647547,0.0,2.863273618712967,0.016588008344619643,-1.0,-0.5938726321621295,-0.9528536971106275,0.12800418122027069,2.30720318072965,3.3943839967543203,-1.0,-0.5938726321621295,27.246094970951457,0.0,0.45195845073644203,24,True
cervix_endocervix,excluded_at_or_below_-1,ENSG00000275154.1,U3,,,,,,,,,,-0.5487250482636119,-0.5487250482636119,,,,,,,,,,1,False
cervix_endocervix,raw,ENSG00000275154.1,U3,0.025641025679829076,53.182295514862716,-0.996731151442199,0.002523142117265314,0.9743589743722194,251.10607238714493,0.0,1.8321797778066964,0.18858599228159484,-1.0,-0.5487250482636119,-0.9803793499245049,0.09409733213994766,4.477215043467824,18.04545454545457,-1.0,-0.5487250482636119,52.640477837047584,0.0,9.92725674707692,23,True
colon_sigmoid,excluded_at_or_below_-1,ENSG00000275154.1,U3,0.2058305978982759,2.1016086366857847,-0.7286295038256445,0.06795891723123518,12.177099612799719,11.680440164201473,0.0,3.6237953112951864,0.0014075042456121512,-0.902768129119267,-0.1673351650757332,-0.6789632229425808,0.15436060956648007,1.774823605791515,3.7455020385019164,-0.902768129119267,-0.1673351650757332,2.1015896223663235,0.0,0.002957996316015038,22,True
colon_sigmoid,raw,ENSG00000275154.1,U3,0.5641025654048024,559.4991914491246,-0.9920543762317997,0.004195627607909504,27.58974359711705,277.9868002031,0.0,2.6782188374677625,0.027943574052675942,-1.0,-0.1673351650757332,-0.983143653710589,0.07960337485527127,5.73521731728685,39.156801743636684,-1.0,-0.1673351650757332,554.5638929654983,0.0,15.496497210021737,419,True
colon_transverse,excluded_at_or_below_-1,ENSG00000275154.1,U3,0.22856532230071105,2.899894584345166,-0.7887387440866676,0.13341988279727465,47.6031014944334,5.283610971132877,0.0,1.6577110273105597,0.25309121969196413,-0.945130690013414,-0.2902717690337389,-0.7502146258309416,0.12351958588027913,1.2579158462547606,2.441790606650783,-0.945130690013414,-0.2902717690337389,2.899891546934379,0.0,0.7339370885880385,49,True
colon_transverse,raw,ENSG00000275154.1,U3,1.2564102509443238,438.60979998945635,-0.9916089505471838,0.003185957538243109,129.43589743598102,311.3163129097394,0.0,3.7246999673636427,0.0009723772174193294,-1.0,-0.2902717690337389,-0.974447842725921,0.08528611640986797,3.8841428952555974,17.033201514491452,-1.0,-0.2902717690337389,438.2028807164499,0.0,0.4260984978161959,479,True
esophagus_gastroesophageal_junction,excluded_at_or_below_-1,ENSG00000275154.1,U3,0.17686851563024647,0.31466359473531874,-0.6694560534063402,0.15058893939436707,11.078489229796267,1.7482890210500912,0.08778657464583677,1.9774120014507421,0.0,-0.8800157481843209,-0.4832939372737745,-0.6761059690216206,0.10881699663650063,-0.08121230944772363,-0.7725686125586777,-0.8800157481843209,-0.4832939372737745,0.2701218912259765,0.023713075567583786,0.0,15,True
esophagus_gastroesophageal_junction,raw,ENSG00000275154.1,U3,0.38461538203541873,419.4079807568124,-0.9928114290300231,0.0025991077984716887,17.230769324967444,277.23611445885837,0.0,3.9114093558570144,0.00048212231887806726,-1.0,-0.4832939372737745,-0.987944390906512,0.06466167201510806,5.5997856498575915,31.362550936689395,-1.0,-0.4832939372737745,414.3020409087706,0.0,0.1997442606788541,403,True
esophagus_mucosa,excluded_at_or_below_-1,ENSG00000275154.1,U3,0.6091991730991464,7.589929618459075,-0.745243868508555,0.06869907169255662,29.052763274362608,15.37767210151547,0.0,2.2815834188423447,0.07406997746824508,-0.8560776683206424,0.0017662198361736,-0.6563161189792274,0.18479641379120765,1.893859777308639,3.307133030806062,-0.8560776683206424,0.0017662198361736,7.5894252281113115,0.0,0.5621485556431356,67,True
esophagus_mucosa,raw,ENSG00000275154.1,U3,1.7179487078150162,596.1002597076788,-0.9884958358633634,0.003410030007976249,303.89743589743875,410.6831981531057,0.0,4.771026914057338,1.1446594234380254e-05,-1.0,0.0017662198361736,-0.9624970357843783,0.1231999530445917,4.144993097860372,20.368126049581516,-1.0,0.0017662198361736,593.9993859234309,0.0,0.006799269946136555,614,True
esophagus_muscularis,excluded_at_or_below_-1,ENSG00000275154.1,U3,0.10424122444128343,1.1468343210097458,-0.736696362113271,0.09021140261194673,22.37255924025432,3.929052674161013,0.0,1.4134812408133826,0.3679830000862909,-0.8268610505960209,-0.4860656496786409,-0.7113295815405811,0.07720080779755202,1.1085283303348215,1.3954446030177001,-0.8268610505960209,-0.4860656496786409,1.1463142063299914,0.0,0.4218241406868457,24,True
esophagus_muscularis,raw,ENSG00000275154.1,U3,0.6153846153735103,602.5907754393663,-0.994463190151855,0.0026010729535711715,43.230769231392074,276.4177359297858,0.0,3.0103852215206626,0.0110110458205967,-1.0,-0.4860656496786409,-0.9876504633814153,0.060525306673373906,5.082116266299526,26.17479670834318,-1.0,-0.4860656496786409,589.2703473696663,0.0,6.488482795606322,561,True
fallopian_tube,excluded_at_or_below_-1,ENSG00000275154.1,U3,,,,,,,,,,-0.7740834665233401,-0.5890055426618428,,,,,,,,,,2,False
fallopian_tube,raw,ENSG00000275154.1,U3,0.05128205128205128,39.91944370098629,-0.9945428325510834,0.0005100774902714899,1.8974358974358974,1124.370995285713,0.0,15.13025053172299,0.0,-1.0,-0.5890055426618428,-0.9780375520408683,0.08576683499265982,3.864318820099074,13.845497119490027,-1.0,-0.5890055426618428,39.76354675694557,0.0,0.0,29,True
heart_atrial_appendage,excluded_at_or_below_-1,ENSG00000275154.1,U3,0.5998590133094013,5.780680269560773,-0.8191579676494536,0.04665899448300453,40.937228245253436,15.771912685208138,0.0,3.541100066344568,0.0018928350458801157,-0.93598909758296,-0.2987969652201674,-0.7669564161760609,0.10927025175090396,1.7876153100848213,4.833697671492625,-0.93598909758296,-0.2987969652201674,5.780591881411178,0.0,0.010941706899065151,54,True
heart_atrial_appendage,raw,ENSG00000275154.1,U3,1.3846153994620771,443.76001691912205,-0.9922599122362374,0.003418806725464388,155.23076923230414,286.85584867045355,0.0,3.201742001950837,0.0060486489732622965,-1.0,-0.2987969652201674,-0.9727020530878684,0.08369191939423615,3.6200036430118088,15.499768125033281,-1.0,-0.2987969652201674,435.99393488019876,0.0,2.6371742665617006,461,True
heart_left_ventricle,excluded_at_or_below_-1,ENSG00000275154.1,U3,0.11297234473815179,0.7004498458492591,-0.9670561902877356,0.14680051903650113,7.423480471797412,2.850403989618397,0.0,-0.7535098997280416,1.0,-0.8888391180418707,-0.6711738735904347,-0.8107073783092748,0.06449157742455564,0.8209738738862268,-0.1429764098006614,-0.8888391180418707,-0.6711738735904347,0.5152809370868189,0.0,0.5152809370868189,12,True
heart_left_ventricle,raw,ENSG00000275154.1,U3,0.30769199929528784,592.5590625155676,-0.9968839760301296,0.00182027488558331,12.307692315446442,253.05169451071072,0.0,2.4209109260210977,0.05388668856299638,-1.0,-0.6711738735904347,-0.9949745321675029,0.032086211159000615,6.896723870831326,50.17656973683356,-1.0,-0.6711738735904347,586.9370023869815,0.0,31.62809145372593,452,True
kidney_cortex,excluded_at_or_below_-1,ENSG00000275154.1,U3,,,,,,,,,,-0.7989232521218846,-0.4587557841651835,,,,,,,,,,3,False
kidney_cortex,raw,ENSG00000275154.1,U3,0.07692307692338163,118.34574983514993,-0.9941836607448981,0.002378599408331879,2.769230770034688,318.3425347199148,0.0,3.4581467686890712,0.0026010720008414184,-1.0,-0.4587557841651835,-0.9903169121613453,0.06182520467777269,7.170921260176111,54.3080753791333,-1.0,-0.4587557841651835,115.12891465371793,0.0,0.29945859639304173,104,True
kidney_medulla,excluded_at_or_below_-1,ENSG00000275154.1,U3,,,,,,,,,,,,,,,,,,,,,0,False
kidney_medulla,raw,ENSG00000275154.1,U3,0.0,11.0,-0.9875,1.0001e-06,0.0,-17675.90193946968,0.0,,,-1.0,-1.0,-1.0,0.0,,,,-1.0,8.983579622590726e-189,0.0,,11,True
liver,excluded_at_or_below_-1,ENSG00000275154.1,U3,,,,,,,,,,-0.8842089750517659,-0.4686150458264135,,,,,,,,,,7,False
liver,raw,ENSG00000275154.1,U3,0.17948717948716342,310.0187913080708,-0.9944523959646883,0.002472229663237797,7.743589743589971,300.799850121509,0.0,3.173449854629903,0.006557685323760172,-1.0,-0.4686150458264135,-0.9913777678580241,0.05676467213947296,7.11705360678825,51.925334150319685,-1.0,-0.4686150458264135,307.4641540076479,0.0,2.016253170318305,262,True
lung,excluded_at_or_below_-1,ENSG00000275154.1,U3,0.4408042996863286,5.982357071278798,-0.6987452638939584,0.1123491990298475,54.89605167082787,7.758447965966341,0.0,1.8864305289839374,0.168755079987061,-0.8486087389699268,-0.0823918093079322,-0.6450285587760022,0.13854315751256915,1.6251375082084214,3.373668170590175,-0.8486087389699268,-0.0823918093079322,5.982337782478325,0.0,1.0095498909917469,78,True
lung,raw,ENSG00000275154.1,U3,2.0084870467571867,537.3973684307709,-0.9885192629464965,6.690901360518807e-05,302.00280919850013,19152.24369822263,,242.66108812946524,,-1.0,-0.0823918093079322,-0.9541593171929275,0.1290165376011271,3.0565487033966723,9.886317706687734,-1.0,-0.0823918093079322,0.0,0.0,0.0,604,True
minor_salivary_gland,excluded_at_or_below_-1,ENSG00000275154.1,U3,0.36671897815828297,4.532810504581285,-0.775461282140948,0.186624210414793,42.49189251231736,7.734509221733401,0.0,0.5805858516905972,0.8449000162028922,-0.8520772749673361,0.2452096510593968,-0.613605571720716,0.24156911602118272,1.8361131202401568,3.0370228538377724,-0.8520772749673361,0.2452096510593968,4.5327969834737525,0.0,3.8297602447813945,54,True
minor_salivary_gland,raw,ENSG00000275154.1,U3,1.3846153979031774,150.7155994053341,-0.9858117273088463,0.0032258762105919804,149.23076923076923,539.6757393056051,0.0,6.220092265349392,4.0196070053962924e-09,-1.0,0.2452096510593968,-0.8847221042702688,0.2204764582312091,2.472316624992847,6.980440326148713,-1.0,0.2452096510593968,148.81477586068445,0.0,5.981769155560812e-07,181,True
muscle_skeletal,excluded_at_or_below_-1,ENSG00000275154.1,U3,0.08262419515597696,0.8926939641903496,-0.8261322303842096,0.04322899378162652,6.076719178933152,8.102166468583643,0.0,0.6923638100453003,0.7868787115719486,-0.8472960712887245,-0.5784691381844875,-0.7719649482332472,0.09031662355027426,1.427408940869288,0.46137518648644216,-0.8472960712887245,-0.5784691381844875,0.8926915848192153,0.0,0.7024400040936649,11,True
muscle_skeletal,raw,ENSG00000275154.1,U3,-0.4979048470758419,741.6975092410239,-0.9947844684201543,0.0053637088762316775,4589.711930749462,109.76710329154771,0.0,1.3751446369298208,0.38961391694121505,-1.0,-0.5784691381844875,-0.9969335139737967,0.028116709658597604,10.485516049948925,122.61958025910248,-1.0,-0.5784691381844875,739.5405323084802,0.0,288.13528352949885,818,True
nerve_tibial,excluded_at_or_below_-1,ENSG00000275154.1,U3,0.5656564118280499,7.425978060053162,-0.7099055733087943,0.01685127571289374,31.041232090800463,65.79810993536661,0.0,6.306226491698588,2.3166273650398546e-09,-0.7850483693807301,0.0741217627376682,-0.6072130414807574,0.1899106631209233,1.7964927164136537,3.3113545900323746,-0.7850483693807301,0.0741217627376682,7.417866987659815,0.0,1.7184433653838482e-08,33,True
nerve_tibial,raw,ENSG00000275154.1,U3,0.846153846153846,642.0482139644378,-0.9863238022956072,0.002599803785710773,75.07692307697081,576.8498793913591,0.0,7.439432306988828,1.0250364996094775e-12,-1.0,0.0741217627376682,-0.9806537766699479,0.09466044570626807,5.986832676468737,42.52088026519887,-1.0,0.0741217627376682,600.8707307525783,0.0,6.159144305684094e-10,670,True
ovary,excluded_at_or_below_-1,ENSG00000275154.1,U3,,,,,,,,,,-0.8642064270603366,-0.4276370720338314,,,,,,,,,,9,False
ovary,raw,ENSG00000275154.1,U3,0.23076923076923078,187.28425704546626,-0.9931415682605397,0.0021511862501222916,10.923076923076923,371.76889174580367,0.0,4.5088086547615625,3.874714710096197e-05,-1.0,-0.4276370720338314,-0.9827658494396578,0.08211138244193081,4.909462057338272,23.78929016246458,-1.0,-0.4276370720338314,186.12216129589723,0.0,0.007211702762481037,193,True
pancreas,excluded_at_or_below_-1,ENSG00000275154.1,U3,0.604207498238054,9.42860325352901,-0.7606307599571939,0.28673121431265003,183.6319916821014,5.431605130249807,0.0,0.8094108623417351,0.7206744574298832,-0.9247384772157186,0.3406249316159813,-0.6250036183870905,0.23387265122707185,1.5768980556003904,3.1493872225360438,-0.9247384772157186,0.3406249316159813,9.428548969285522,0.0,6.794914412790928,144,True
pancreas,raw,ENSG00000275154.1,U3,3.692307705107394,242.41817275547743,-0.9843377325592596,0.003120570019265588,734.3076923076922,600.4608637993645,0.0,7.097995204550192,1.147596911046666e-11,-1.0,0.3406249316159813,-0.8508301686401687,0.23547031781882666,1.9351786585614188,4.305001674086053,-1.0,0.3406249316159813,242.41767579632034,0.0,2.7819777592696937e-09,362,True
pituitary,excluded_at_or_below_-1,ENSG00000275154.1,U3,0.21819751586733394,1.2783326809016182,-0.7429568697296757,0.08232004615024409,15.489767349976958,6.880480675021984,0.0,1.7157350610122937,0.22949981426766405,-0.842828199747979,-0.3424505376073669,-0.6825181310520173,0.12425003890431341,1.182899953961479,0.7217436565651223,-0.842828199747979,-0.3424505376073669,1.2783066782826704,0.0,0.29337114524298746,23,True
pituitary,raw,ENSG00000275154.1,U3,0.5897435897435763,303.695783800824,-0.9911841970816593,0.0027172143027439735,33.435897435898056,337.64283467446444,0.0,4.58831238954397,2.682569958338927e-05,-1.0,-0.3424505376073669,-0.9766706613872089,0.08929143753063434,4.194770732950606,18.48286040838212,-1.0,-0.3424505376073669,303.64868370189015,0.0,0.008145588367878487,313,True
prostate,excluded_at_or_below_-1,ENSG00000275154.1,U3,0.6561559374570863,1.277052668829455,-0.7403864907975747,0.10243718528961865,33.9514279899001,8.508695214555496,0.0,1.2598205757168917,0.45222947936401964,-0.8316403701125425,-0.1240674202862375,-0.5660292840193909,0.19910000295247107,0.5525257277689913,-0.8357938646166274,-0.8316403701125425,-0.1240674202862375,1.2770419272997917,0.0,0.577516005908809,38,True
prostate,raw,ENSG00000275154.1,U3,1.5801133045930902,225.34292850918123,-0.9890593337725104,0.009209522362897177,350.0162844578256,132.8280932704653,0.0,1.6800478842038198,0.24526145902369628,-1.0,-0.1240674202862375,-0.9415216765699886,0.16509366161075675,2.9903826850919764,8.349011263981934,-1.0,-0.1240674202862375,224.02852327128696,0.0,54.945562480439925,282,True
skin_not_sun_exposed_suprapubic,excluded_at_or_below_-1,ENSG00000275154.1,U3,0.5259866942372343,4.028247156326382,-0.7353382425520019,0.05466063357087009,33.048542212756885,10.08261751924852,0.0,3.393827706621131,0.003154177704844304,-0.8665127536795816,-0.3456359540729705,-0.7014256111429172,0.12014311834823091,1.29195428828334,1.2860680434584193,-0.8665127536795816,-0.3456359540729705,4.028223785405863,0.0,0.0127057336540507,51,True
skin_not_sun_exposed_suprapubic,raw,ENSG00000275154.1,U3,1.3076923012191637,617.8860971677655,-0.991320341991457,0.0028152696964196876,124.3076923077231,324.3510273875971,0.0,4.3601116042461845,7.44907213138122e-05,-1.0,-0.3456359540729705,-0.9766093796747908,0.08693076418776122,4.129173162089801,18.218595045701093,-1.0,-0.3456359540729705,617.6077315898765,0.0,0.046006045415117214,651,True
skin_sun_exposed_lower_leg,excluded_at_or_below_-1,ENSG00000275154.1,U3,1.1052623725316497,16.30913907030249,-0.7404754654869723,0.0044385056422424594,47.578959108689965,111.1086264793643,0.0,37.767724461633506,0.0,-0.8590093719475527,-0.3917613259457445,-0.6945055940845074,0.10600552955939654,0.8868425159698264,0.23892458064566746,-0.8590093719475527,-0.3917613259457445,16.308226023112084,0.0,0.0,52,True
skin_sun_exposed_lower_leg,raw,ENSG00000275154.1,U3,1.3333333291305054,719.3327732014978,-0.9919879539538968,0.0025227807595470794,114.66666666666896,336.47340721712,0.0,4.491370935773043,4.1731322235071726e-05,-1.0,-0.3917613259457445,-0.9789314202816901,0.08222827782696371,4.140486612000642,17.35459973542952,-1.0,-0.3917613259457445,717.9329752790303,0.0,0.029960292334552996,754,True
small_intestine_terminal_ileum,excluded_at_or_below_-1,ENSG00000275154.1,U3,0.1527130649732049,0.7234683884741765,-0.7968773643153739,0.15806224223340995,16.830627801951277,3.5287047287225413,0.0,0.6540855467917975,0.8070384186921213,-0.8699824673133201,-0.4024850345843601,-0.7109698652207445,0.12443554478935166,0.951439111175846,0.3302842953166869,-0.8699824673133201,-0.4024850345843601,0.7220357337233752,0.0,0.5827105767833183,19,True
small_intestine_terminal_ileum,raw,ENSG00000275154.1,U3,0.49788460588667005,186.6458784244134,-0.9925373910898211,0.005544038230853618,20.628535567673104,150.51484321235378,0.0,1.9036165141733228,0.1645759593020111,-1.0,-0.4024850345843601,-0.9734706639574595,0.091382527648931,3.773529367367343,14.68874970333221,-1.0,-0.4024850345843601,185.25222287674842,0.0,30.488062292770948,207,True
spleen,excluded_at_or_below_-1,ENSG00000275154.1,U3,0.3157895771937895,9.172758466939035,-0.6399034530031892,0.005211812088744528,10.210528924514279,107.34248782309136,0.0,46.51158943616145,0.0,-0.8113129703064571,-0.2443133592881163,-0.618664076806209,0.13800727166082546,1.1340448501679952,1.519299898446814,-0.8113129703064571,-0.2443133592881163,9.170646685926448,0.0,0.0,16,True
spleen,raw,ENSG00000275154.1,U3,0.4102587763608702,279.1368836962507,-0.9905621372767435,3.134980251560196e-05,15.435897436115777,33663.85297676575,,425.7492038873986,,-1.0,-0.2443133592881163,-0.9779733762776152,0.09475312698533365,4.653574321114322,22.863328235287796,-1.0,-0.2443133592881163,0.0,0.0,0.0,277,True
stomach,excluded_at_or_below_-1,ENSG00000275154.1,U3,0.34093715522515083,6.293862614146185,-0.757934729878542,0.10284437518490112,26.939525158527623,13.643536451192322,0.0,1.3371252044416775,0.4090637183422073,-0.8551730889592113,0.2342499153321495,-0.6550662076309178,0.2098673399068543,2.416015832171091,6.496079586601784,-0.8551730889592113,0.2342499153321495,6.293437404635543,0.0,2.574416905894146,52,True
stomach,raw,ENSG00000275154.1,U3,1.3333333411647403,414.0830704842066,-0.9869963045889462,0.006104883081963791,202.66666666680356,282.9051669002189,0.0,3.012343097218789,0.010822857276978523,-1.0,0.2342499153321495,-0.9559298348815916,0.13720213575726536,4.336043312651603,24.357464118887147,-1.0,0.2342499153321495,409.5488164699387,0.0,4.432488388609616,407,True
testis,excluded_at_or_below_-1,ENSG00000275154.1,U3,0.21088734130238335,2.1783394493427872,-0.7262131042492397,0.13124376178530153,42.00574682488446,4.24291226544867,0.0,1.891916800950467,0.166912476663528,-0.9017893287657786,-0.3324566155135089,-0.6908672424269467,0.11847067142482919,0.9162833190704052,0.8031056798239238,-0.9017893287657786,-0.3324566155135089,2.1780623096096905,0.0,0.36354577442443736,43,True
testis,raw,ENSG00000275154.1,U3,2.029858806726468,367.8427167119358,-0.9916745678092861,0.006043093986975982,105.15053490249477,154.27113506851595,0.0,1.9483296374507098,0.1510018356262147,-1.0,-0.3324566155135089,-0.9678920082713978,0.10170331537656054,3.35306105611338,11.19883724973639,-1.0,-0.3324566155135089,365.0829340177829,0.0,55.12819319248926,414,True
thyroid,excluded_at_or_below_-1,ENSG00000275154.1,U3,0.8229798230750193,7.152927410897852,-0.6756119411964642,0.10658217432524018,120.7520411524749,9.30585196542682,0.0,1.9666760921877289,0.1445884148297871,-0.8238304420479889,0.0257233894870181,-0.5880190048135608,0.17339649730006465,1.4879149835377186,2.105704531757123,-0.8238304420479889,0.0257233894870181,7.15261744849867,0.0,1.034185618762299,95,True
thyroid,raw,ENSG00000275154.1,U3,3.608909515679051,580.2566995652141,-0.9872022824510327,0.009717846572284286,525.8554735145267,147.40850375392876,0.0,1.8624193735254075,0.17775681956391912,-1.0,0.0257233894870181,-0.9427804173352168,0.15641929252453493,3.010914650248157,9.501107202891367,-1.0,0.0257233894870181,576.2297626434753,0.0,102.42876994557636,684,True
uterus,excluded_at_or_below_-1,ENSG00000275154.1,U3,0.1321351117822286,1.4662468085294766,-0.6796468955709836,0.09094457981683833,7.830044491603644,10.79137213850453,0.0,0.1919726365436786,0.9817783887662432,-0.6919921814820442,0.0143195822618142,-0.5172073295701579,0.20719808268110687,1.4859585052885476,1.303708680923247,-0.6919921814820442,0.0143195822618142,1.4661924452977848,0.0,1.4394760565656974,13,True
uterus,raw,ENSG00000275154.1,U3,0.33333333333333137,143.09235993487607,-0.9880045910252656,0.004391383966874237,20.66666666666672,322.7912772942871,0.0,3.8630350218171405,0.0005753826395105784,-1.0,0.0143195822618142,-0.9589784005517128,0.14707370157448163,4.038198336042853,17.606755034207726,-1.0,0.0143195822618142,142.9429763602416,0.0,0.08224690703765403,153,True
vagina,excluded_at_or_below_-1,ENSG00000275154.1,U3,0.17370347320973303,2.547758438736504,-0.6785097120104189,0.03134280377377748,6.4900881347118045,26.155636188187724,0.0,5.570113972598413,1.8313435543795102e-07,-0.8019585275823555,-0.0988299561119915,-0.6273458756553535,0.18048893421638237,1.9812401914280142,3.1937494237224993,-0.8019585275823555,-0.0988299561119915,2.5476589173369617,0.0,4.665638737022526e-07,15,True
vagina,raw,ENSG00000275154.1,U3,0.3846153846119156,169.40391174152154,-0.990105029937994,0.004531775680292013,25.230769230878057,278.1367362668301,0.0,3.0878847163200698,0.008670700996892789,-1.0,-0.0988299561119915,-0.967118753734296,0.11805459675148819,4.347524510907833,22.006070017576633,-1.0,-0.0988299561119915,166.09758903176763,0.0,1.4401825307992364,170,True
whole_blood,excluded_at_or_below_-1,ENSG00000275154.1,U3,0.13959444301257787,1.953791917875385,-0.662548858841284,0.09463461590846663,12.401082752841877,10.278293933329168,0.0,2.2938331658393345,0.07201961331746348,-0.8160447850457018,0.0252414611318441,-0.5953329383397661,0.2076971444900999,1.8072590045193049,2.5348332300152485,-0.8160447850457018,0.0252414611318441,1.9537557604046492,0.0,0.14070873438110967,21,True
whole_blood,raw,ENSG00000275154.1,U3,0.5568828508908942,715.3870185236415,-0.9872624689082712,0.012649919598344819,4547.776846258831,113.19414156641339,0.0,1.4240081987105189,0.36410094215247824,-1.0,0.0252414611318441,-0.9894171752243276,0.07246714958318974,8.590821843448168,87.75629069075482,-1.0,0.0252414611318441,712.8336919516903,0.0,259.5434188376398,803,True
adipose_subcutaneous,excluded_at_or_below_-1,ENSG00000276366.1,U3,0.09638617715312502,0.5267947195528544,-0.7713408315654966,0.04234606020381379,6.589098769774658,3.827161560132009,0.0,3.562735061317244,0.0010937318596725685,-0.8780204713390093,-0.6567434198682693,-0.7703398636174007,0.05530856029595349,0.14505909513589288,0.6284918440819012,-0.8780204713390093,-0.6567434198682693,0.5264452599407446,0.0,0.0005757899531707994,11,True
adipose_subcutaneous,raw,ENSG00000276366.1,U3,0.2820512820512821,754.2000339407696,-0.9960800256786729,0.0013942676764117257,11.897435943228622,344.1910317979811,0.0,3.9760520473675722,0.00037066929122575695,-1.0,-0.6567434198682693,-0.9964618186271588,0.029053163962012706,8.477972191824334,73.21605481159318,-1.0,-0.6567434198682693,750.9679536936453,0.0,0.2783607591288834,714,True
adipose_visceral_omentum,excluded_at_or_below_-1,ENSG00000276366.1,U3,,,,,,,,,,-0.7788517180899618,-0.2454827301988662,,,,,,,,,,6,False
adipose_visceral_omentum,raw,ENSG00000276366.1,U3,0.1538461538461538,626.1029968195927,-0.9914617042164566,0.0032607683639463334,5.076923079435231,323.5352728410506,0.0,3.703106859766781,0.0010603312506028302,-1.0,-0.2454827301988662,-0.9958872821227354,0.043987109798057894,12.470981191858861,174.96305074765976,-1.0,-0.2454827301988662,621.5327476715436,0.0,0.6590305956291811,587,True
adrenal_gland,excluded_at_or_below_-1,ENSG00000276366.1,U3,,,,,,,,,,-0.8511765009115564,-0.7123137692465994,,,,,,,,,,6,False
adrenal_gland,raw,ENSG00000276366.1,U3,0.15384615384615383,350.5383889007528,-0.9969195539059118,0.00117196258308987,7.076923078637893,343.4353335188106,0.0,3.7171908960893423,0.0010281592182294842,-1.0,-0.7123137692465994,-0.9955502060068568,0.03151663037307024,7.172952212446538,51.11203142743286,-1.0,-0.7123137692465994,340.5974869832348,0.0,0.3501884459476084,295,True
artery_aorta,excluded_at_or_below_-1,ENSG00000276366.1,U3,,,,,,,,,,-0.726820728677671,-0.6475589705868195,,,,,,,,,,3,False
artery_aorta,raw,ENSG00000276366.1,U3,-0.43404875056878894,432.3289810113445,-0.995618175177757,0.0043055215880821104,1426.2963950169299,114.32530009925206,0.0,1.4392765115177506,0.3562854906484973,-1.0,-0.6475589705868195,-0.9979717193977377,0.025528111286839027,12.622075606415432,158.8129403865822,-1.0,-0.6475589705868195,430.7170249043501,0.0,153.45822654870742,472,True
artery_coronary,excluded_at_or_below_-1,ENSG00000276366.1,U3,,,,,,,,,,-0.7906601828382883,-0.3558548384971265,,,,,,,,,,4,False
artery_coronary,raw,ENSG00000276366.1,U3,0.1025641025641027,304.8225163104528,-0.9929784156044739,0.0027133048922767774,3.589743598930811,332.07797848947354,0.0,3.6597508484083563,0.0012784437180426184,-1.0,-0.3558548384971265,-0.9944259844130507,0.04967327692593609,10.233121152460944,114.07139171232816,-1.0,-0.3558548384971265,294.40410882094443,0.0,0.37637908348806537,268,True
artery_tibial,excluded_at_or_below_-1,ENSG00000276366.1,U3,,,,,,,,,,-0.7670421400168377,-0.5939891303933248,,,,,,,,,,8,False
artery_tibial,raw,ENSG00000276366.1,U3,0.20512820512815605,756.292990645397,-0.9955174015898556,0.0018531788683052804,10.35897435897515,306.41765698615376,0.0,3.4207984856291214,0.0029353531724599373,-1.0,-0.5939891303933248,-0.9967321925871319,0.03073112158490114,9.671123646382096,95.81839608220778,-1.0,-0.5939891303933248,741.3146891302698,0.0,2.176020424529686,691,True
bladder,excluded_at_or_below_-1,ENSG00000276366.1,U3,,,,,,,,,,-0.8121663895389705,-0.8121663895389705,,,,,,,,,,1,False
bladder,raw,ENSG00000276366.1,U3,0.025641025641026678,86.38938868005269,-0.9979365524004675,0.0007936708299131318,0.9743589757507264,331.0171848343509,0.0,3.676783208505205,0.001192298174724026,-1.0,-0.8121663895389705,-0.9975606024615451,0.021405626526634,8.603090020146068,72.01315789473696,-1.0,-0.8121663895389705,84.04648729415686,0.0,0.10020847339278441,77,True
brain_amygdala,excluded_at_or_below_-1,ENSG00000276366.1,U3,,,,,,,,,,,,,,,,,,,,,0,False
brain_amygdala,raw,ENSG00000276366.1,U3,0.0,181.0,-0.9875,1.0001e-06,0.0,-17675.90193946968,0.0,,,-1.0,-1.0,-1.0,0.0,,,,-1.0,1.478207192444474e-187,0.0,,181,True
brain_anterior_cingulate_cortex_ba24,excluded_at_or_below_-1,ENSG00000276366.1,U3,,,,,,,,,,-0.8500409214936917,-0.7677100941912107,,,,,,,,,,4,False
brain_anterior_cingulate_cortex_ba24,raw,ENSG00000276366.1,U3,0.10256410256369607,286.6627132206929,-0.9976419874948508,0.0011501671133047914,3.5897435897526577,282.71787479456583,0.0,2.8993467353156315,0.014960105947734451,-1.0,-0.7677100941912107,-0.9968109364913293,0.02460179721208645,7.825379050859655,61.14383969301895,-1.0,-0.7677100941912107,286.451371279398,0.0,4.285342863213611,233,True
brain_caudate_basal_ganglia,excluded_at_or_below_-1,ENSG00000276366.1,U3,0.205128205201623,2.173315295427372,-0.62501968605677,0.0016166865644641445,6.358974361336198,2.217960642733204,0.08559242246544928,224.70595981540203,0.0,-0.8818968055060961,-0.6224841799160992,-0.7984709840580818,0.09471553690214747,1.2305424500149684,-0.0886902096936728,-0.8818968055060961,-0.6224841799160992,2.1700226463024084,0.18573749510190796,0.0,10,True
brain_caudate_basal_ganglia,raw,ENSG00000276366.1,U3,0.25641025641025617,354.7887220225636,-0.9960547499817787,0.0017192187198258586,11.43589744299594,307.2957271799864,0.0,3.2453265069650223,0.00521093612799867,-1.0,-0.6224841799160992,-0.9932823661352694,0.039787931045979455,6.9120948125075365,52.759387120644696,-1.0,-0.6224841799160992,351.5831197848901,0.0,1.832077180881589,300,True
brain_cerebellar_hemisphere,excluded_at_or_below_-1,ENSG00000276366.1,U3,,,,,,,,,,-0.8724248254092482,-0.6610097432623937,,,,,,,,,,7,False
brain_cerebellar_hemisphere,raw,ENSG00000276366.1,U3,0.17948717948722046,298.472435759249,-0.9962257925428987,0.0014579767080021822,7.743589749176888,325.1540855321458,0.0,3.660919508348228,0.0012499325703254096,-1.0,-0.6610097432623937,-0.9934627363822137,0.04191400221730387,6.506379648132234,41.62677405749358,-1.0,-0.6610097432623937,293.5880034184184,0.0,0.36696520772948105,277,True
brain_cerebellum,excluded_at_or_below_-1,ENSG00000276366.1,U3,,,,,,,,,,-0.826273860362727,-0.6912372347373561,,,,,,,,,,4,False
brain_cerebellum,raw,ENSG00000276366.1,U3,0.10256410256410199,345.3828177422708,-0.9968683014949964,0.001383657592240767,3.5897435897435948,312.3804632844459,0.0,3.2008572958194748,0.005964365115176504,-1.0,-0.6912372347373561,-0.9962794487570599,0.03078268905120374,8.422235542357752,70.98113655624778,-1.0,-0.6912372347373561,345.1097107007938,0.0,2.0583603194124698,266,True
brain_cortex,excluded_at_or_below_-1,ENSG00000276366.1,U3,,,,,,,,,,-0.8572820434677297,-0.7310925710381718,,,,,,,,,,5,False
brain_cortex,raw,ENSG00000276366.1,U3,0.12820512820708155,385.36001632507225,-0.997452441983215,0.0013290245961753739,4.358974374655498,283.4332359585019,0.0,2.710853590398408,0.025673535723828297,-1.0,-0.7310925710381718,-0.9965983350301795,0.025545857549368216,7.863777134842228,64.09643092267086,-1.0,-0.7310925710381718,380.7370450570043,0.0,9.77486612765581,270,True
brain_frontal_cortex_ba9,excluded_at_or_below_-1,ENSG00000276366.1,U3,,,,,,,,,,-0.8431167419918972,-0.6937132585830335,,,,,,,,,,5,False
brain_frontal_cortex_ba9,raw,ENSG00000276366.1,U3,0.12820736932646076,342.1682151984115,-0.9962901024776966,0.00023283590400933327,6.358974359170241,1837.8105306247212,0.0,22.533412161581,0.0,-1.0,-0.6937132585830335,-0.9959230059240846,0.03110634083463185,8.131133528662248,68.3866991780064,-1.0,-0.6937132585830335,249.82146396358056,0.0,0.0,269,True
brain_hippocampus,excluded_at_or_below_-1,ENSG00000276366.1,U3,,,,,,,,,,-0.8479386228526209,-0.7362131844896744,,,,,,,,,,6,False
brain_hippocampus,raw,ENSG00000276366.1,U3,0.15384615256769166,291.3955958293489,-0.9972302630674474,0.00132796007885028,5.076923079266171,277.9706245802802,0.0,2.9496365113723706,0.013023959921348166,-1.0,-0.7362131844896744,-0.9953968178097171,0.030509774662520892,6.826813761298595,47.04227443387677,-1.0,-0.7362131844896744,288.72323134015977,0.0,3.7603197933363717,255,True
brain_hypothalamus,excluded_at_or_below_-1,ENSG00000276366.1,U3,,,,,,,,,,-0.8672823492695434,-0.8196407797644198,,,,,,,,,,2,False
brain_hypothalamus,raw,ENSG00000276366.1,U3,0.051282051358068806,286.32344363480735,-0.9980725453472644,0.0009599620736007179,1.8974358991874867,262.865200391649,0.0,2.839521045382056,0.018032292255074744,-1.0,-0.8196407797644198,-0.998781802058498,0.013942128371029946,11.585660743067919,134.91877226616126,-1.0,-0.8196407797644198,281.8213400559576,0.0,5.0818847676058265,257,True
brain_nucleus_accumbens_basal_ganglia,excluded_at_or_below_-1,ENSG00000276366.1,U3,,,,,,,,,,-0.8936838449787888,-0.8101273784364822,,,,,,,,,,3,False
brain_nucleus_accumbens_basal_ganglia,raw,ENSG00000276366.1,U3,0.07692307692306746,313.511737274401,-0.9979059851768343,0.0008573299171077382,2.769230769230967,309.7512953608474,0.0,3.45419435813192,0.002620166223447012,-1.0,-0.8101273784364822,-0.9984018352809041,0.01592229487414808,10.26064728490914,106.68495994058716,-1.0,-0.8101273784364822,306.93161984812065,0.0,0.8042118632338923,285,True
brain_putamen_basal_ganglia,excluded_at_or_below_-1,ENSG00000276366.1,U3,,,,,,,,,,-0.8494039315762754,-0.8494039315762754,,,,,,,,,,1,False
brain_putamen_basal_ganglia,raw,ENSG00000276366.1,U3,0.025641025638649884,265.5581799417709,-0.997968790164728,0.0006751609189965867,0.9743589743637142,311.18868405487916,0.0,4.2546368076767305,0.00011737958505027093,-1.0,-0.8494039315762754,-0.9994071020928199,0.009449237736344937,15.843104259240643,249.0039525691693,-1.0,-0.8494039315762754,265.32734437892026,0.0,0.031144013585687986,254,True
brain_spinal_cord_cervical_c-1,excluded_at_or_below_-1,ENSG00000276366.1,U3,,,,,,,,,,-0.8296711004893298,-0.6444300005718662,,,,,,,,,,5,False
brain_spinal_cord_cervical_c-1,raw,ENSG00000276366.1,U3,0.12820512820513266,225.67725303371247,-0.9960722475386515,0.001453553589382845,4.358974365064239,342.125146534791,0.0,3.821448924247608,0.0006910890526924038,-1.0,-0.6444300005718662,-0.9936440175705458,0.04128096905648957,6.646370342925656,44.20967930175409,-1.0,-0.6444300005718662,220.21664719092652,0.0,0.15218931409427086,204,True
brain_substantia_nigra,excluded_at_or_below_-1,ENSG00000276366.1,U3,,,,,,,,,,-0.8609116939964703,-0.7077353582291481,,,,,,,,,,3,False
brain_substantia_nigra,raw,ENSG00000276366.1,U3,0.07692307692499395,252.33011312248263,-0.9971881453996939,0.001446896148503243,2.7692307750615335,282.9146084235094,0.0,2.748340242171218,0.02304524180042969,-1.0,-0.7077353582291481,-0.9965848521475473,0.027746712029243593,8.632865203905759,77.24351980821255,-1.0,-0.7077353582291481,250.72259278636614,0.0,5.777962775592403,183,True
breast_mammary_tissue,excluded_at_or_below_-1,ENSG00000276366.1,U3,,,,,,,,,,-0.8425099644715071,-0.3827109219814698,,,,,,,,,,5,False
breast_mammary_tissue,raw,ENSG00000276366.1,U3,0.1282051282051519,591.7604788374615,-0.9933260134626035,0.002682670649231442,6.358974365539154,321.89569897806984,0.0,3.518300794391427,0.0021212492277421203,-1.0,-0.3827109219814698,-0.9973300223675872,0.03189749661649628,15.576004488723763,276.0679820788447,-1.0,-0.3827109219814698,572.2819686021793,0.0,1.2139526839481303,514,True
cells_cultured_fibroblasts,excluded_at_or_below_-1,ENSG00000276366.1,U3,,,,,,,,,,-0.8232036415057314,-0.3476337442396122,,,,,,,,,,6,False
cells_cultured_fibroblasts,raw,ENSG00000276366.1,U3,0.15384615404545623,694.3669949684872,-0.9920495052116771,0.0007582641984708066,5.0769230769230855,1201.878594309975,0.0,14.828205762447922,0.0,-1.0,-0.3476337442396122,-0.9970892220589046,0.034167469182983946,14.359959261820244,233.63254598975067,-1.0,-0.3476337442396122,576.6280027735952,0.0,0.0,652,True
cells_ebv-transformed_lymphocytes,excluded_at_or_below_-1,ENSG00000276366.1,U3,,,,,,,,,,-0.7712379412049563,-0.7455801066943701,,,,,,,,,,2,False
cells_ebv-transformed_lymphocytes,raw,ENSG00000276366.1,U3,0.051282051282051266,360.3165425170298,-0.9965594593890197,0.0008098002008019765,1.8974358974358974,438.30367552994505,0.0,6.008468742198064,1.4515055904279195e-08,-1.0,-0.7455801066943701,-0.9985223793513741,0.01889165119139145,12.723416788855387,160.34550782729016,-1.0,-0.7455801066943701,359.32023302702294,0.0,5.215553269925788e-06,327,True
cervix_ectocervix,excluded_at_or_below_-1,ENSG00000276366.1,U3,,,,,,,,,,-0.9058963803689106,-0.9058963803689106,,,,,,,,,,1,False
cervix_ectocervix,raw,ENSG00000276366.1,U3,0.025641025641025796,33.71970438795203,-0.9990515020527783,0.0003677469602061394,0.9743589782700528,358.238818387498,0.0,3.647558799920748,0.0012913255778577138,-1.0,-0.9058963803689106,-0.9960790158487046,0.019208820920426927,4.587317109255648,19.043478260869577,-1.0,-0.9058963803689106,33.7110533263322,0.0,0.043531945416818554,24,True
cervix_endocervix,excluded_at_or_below_-1,ENSG00000276366.1,U3,,,,,,,,,,-0.7851478120114824,-0.7048541689227772,,,,,,,,,,2,False
cervix_endocervix,raw,ENSG00000276366.1,U3,0.051282056322603464,23.35131288866573,-0.996826581817946,0.0015656775669964755,1.8974358975146413,263.72693513598415,0.0,2.866420983952445,0.016756493593891243,-1.0,-0.7048541689227772,-0.9778261730840982,0.07445679542938777,3.0698173836669427,7.723861085326799,-1.0,-0.7048541689227772,22.90689596335221,0.0,0.38383925546584374,23,True
colon_sigmoid,excluded_at_or_below_-1,ENSG00000276366.1,U3,,,,,,,,,,-0.8066937782325637,-0.6487312588281415,,,,,,,,,,3,False
colon_sigmoid,raw,ENSG00000276366.1,U3,0.07692307688441352,440.4556671389953,-0.996043465420093,0.0018142667880981349,4.769230770045665,270.7284486285245,0.0,3.0841025694838544,0.008659053114368966,-1.0,-0.6487312588281415,-0.9982182607200952,0.021885974767442633,13.190712095212644,183.77830839022718,-1.0,-0.6487312588281415,437.5169164207879,0.0,3.788482217722529,419,True
colon_transverse,excluded_at_or_below_-1,ENSG00000276366.1,U3,,,,,,,,,,-0.8533004681441946,-0.7217523194624647,,,,,,,,,,4,False
colon_transverse,raw,ENSG00000276366.1,U3,-0.5230104506408654,443.691267042412,-0.9965493008976526,0.0034481448645810927,1080.081556966678,112.70455079677843,0.0,1.4152611511005546,0.3685608450499691,-1.0,-0.7217523194624647,-0.9982793519800574,0.019277255312425384,11.674466903748163,140.5047960883041,-1.0,-0.7217523194624647,442.2150838112355,0.0,162.98316498331187,479,True
esophagus_gastroesophageal_junction,excluded_at_or_below_-1,ENSG00000276366.1,U3,,,,,,,,,,-0.7459405666601633,-0.7380600529403012,,,,,,,,,,2,False
esophagus_gastroesophageal_junction,raw,ENSG00000276366.1,U3,-0.36216803776545015,372.959303717394,-0.9967690488278,0.0033822300277904296,882.5436420318845,108.17412407962226,0.0,1.3509592575155245,0.4025151330670719,-1.0,-0.7380600529403012,-0.9987196045151376,0.018154810243280053,14.094181330272654,196.6933605533485,-1.0,-0.7380600529403012,372.01956083882425,0.0,149.74350303459298,403,True
esophagus_mucosa,excluded_at_or_below_-1,ENSG00000276366.1,U3,,,,,,,,,,-0.8379201860051352,-0.4585347215087997,,,,,,,,,,5,False
esophagus_mucosa,raw,ENSG00000276366.1,U3,0.12820512828072567,651.3075592288998,-0.99394786496653,0.0027591522224016734,4.358974360213549,274.42796479407264,0.0,3.1020439452944633,0.008218496750167836,-1.0,-0.4585347215087997,-0.9977566948800406,0.027711744411016356,15.022715119313894,255.74338528174138,-1.0,-0.4585347215087997,644.8460565753014,0.0,5.299665220322656,614,True
esophagus_muscularis,excluded_at_or_below_-1,ENSG00000276366.1,U3,,,,,,,,,,-0.8418556035787799,-0.7717144742102298,,,,,,,,,,2,False
esophagus_muscularis,raw,ENSG00000276366.1,U3,0.051282051084628695,613.9370964909277,-0.9975248599983529,0.001235385571685811,1.8974359002343857,258.497522899257,0.0,2.833428396225316,0.018483388082689227,-1.0,-0.7717144742102298,-0.9993111766092496,0.011715202991598376,17.444466671439677,310.20453673071785,-1.0,-0.7717144742102298,599.8125127798033,0.0,11.086567450561787,561,True
fallopian_tube,excluded_at_or_below_-1,ENSG00000276366.1,U3,,,,,,,,,,-0.726373115073403,-0.726373115073403,,,,,,,,,,1,False
fallopian_tube,raw,ENSG00000276366.1,U3,0.02564102564102564,28.71329399173774,-0.9964480523809381,0.0008150942759912167,0.9743589743589743,468.5882976333101,0.0,6.162738033717331,5.751208118124758e-09,-1.0,-0.726373115073403,-0.9905645901749449,0.05081123693077769,5.102520385624565,24.035714285714295,-1.0,-0.726373115073403,28.26278951684149,0.0,1.6254518451011557e-07,29,True
heart_atrial_appendage,excluded_at_or_below_-1,ENSG00000276366.1,U3,,,,,,,,,,-0.8625240188728442,-0.8484775483284024,,,,,,,,,,2,False
heart_atrial_appendage,raw,ENSG00000276366.1,U3,0.05128205002310047,473.21973893540365,-0.9982346335072692,0.00073526711814322,1.8974358975365604,288.0429379954439,0.0,3.395507802502805,0.0031363871175877312,-1.0,-0.8484775483284024,-0.9993731053518465,0.009518577622162317,15.137174214081531,227.67685453001252,-1.0,-0.8484775483284024,473.1947169558962,0.0,1.4841218143710455,461,True
heart_left_ventricle,excluded_at_or_below_-1,ENSG00000276366.1,U3,,,,,,,,,,-0.7833911728200897,-0.7833911728200897,,,,,,,,,,1,False
heart_left_ventricle,raw,ENSG00000276366.1,U3,1.7334678996618271,419.9865640972173,-0.9973448961612599,0.0028223415595449866,1111.6570999456098,107.2075264051615,0.0,1.3304144020259783,0.4135082865006279,-1.0,-0.7833911728200897,-0.9995207769310178,0.010188422200211883,21.18967242066051,447.00221729490005,-1.0,-0.7833911728200897,419.1794897875394,0.0,173.33419255825345,452,True
kidney_cortex,excluded_at_or_below_-1,ENSG00000276366.1,U3,,,,,,,,,,-0.9095340495430778,-0.9095340495430778,,,,,,,,,,1,False
kidney_cortex,raw,ENSG00000276366.1,U3,0.025641025641025644,139.7353740673795,-0.9989585466183123,0.00016175370646387535,0.9743589743589743,781.8388792249001,0.0,9.105432754281512,1.0026021783861297e-18,-1.0,-0.9095340495430778,-0.9991301350917604,0.00887091628260701,10.050358637275794,99.00970873786419,-1.0,-0.9095340495430778,138.41769055554272,0.0,1.3877787807814457e-16,104,True
kidney_medulla,excluded_at_or_below_-1,ENSG00000276366.1,U3,,,,,,,,,,,,,,,,,,,,,0,False
kidney_medulla,raw,ENSG00000276366.1,U3,0.0,11.0,-0.9875,1.0001e-06,0.0,-17675.90193946968,0.0,,,-1.0,-1.0,-1.0,0.0,,,,-1.0,8.983579622590726e-189,0.0,,11,True
liver,excluded_at_or_below_-1,ENSG00000276366.1,U3,0.20512820512820515,2.185572573826722,-0.8810397454484045,2.234096433077327e-05,8.358974358974862,10693.451969364629,0.0,135.9957006080845,0.0,-0.8831881303721959,-0.7121105006888455,-0.8000632934876848,0.05788899814426155,-0.09406438274283058,-0.9662053075170065,-0.8831881303721959,-0.7121105006888455,1.3877787807814457e-16,0.0,0.0,10,True
liver,raw,ENSG00000276366.1,U3,0.2564102564138193,253.15979369851868,-0.9965055646674233,0.001390988250018544,11.43589743606311,289.14360458839747,0.0,3.552781872959795,0.0018319410108612805,-1.0,-0.7121105006888455,-0.9923688279957132,0.0398584457507924,5.349840667560659,28.138824215529315,-1.0,-0.7121105006888455,250.9542318167249,0.0,0.45973334911424,262,True
lung,excluded_at_or_below_-1,ENSG00000276366.1,U3,,,,,,,,,,-0.8376545965072948,-0.6716828156452798,,,,,,,,,,7,False
lung,raw,ENSG00000276366.1,U3,0.17948717946451767,651.8678746619521,-0.9963548563803661,0.0015447064591855146,5.7435897580357995,297.2445674714214,0.0,3.337211101196714,0.0038754209164511442,-1.0,-0.6716828156452798,-0.99700774800641,0.028118764604039618,9.532575884214406,90.86821749905009,-1.0,-0.6716828156452798,641.913735747658,0.0,2.4876859180738102,604,True
minor_salivary_gland,excluded_at_or_below_-1,ENSG00000276366.1,U3,,,,,,,,,,-0.859496169447274,-0.7745880884818614,,,,,,,,,,4,False
minor_salivary_gland,raw,ENSG00000276366.1,U3,0.10256410256168472,179.36412761900613,-0.9973099818233636,0.0010845854866904944,5.58974358976374,290.411706653097,0.0,3.507570620401699,0.002135879442049346,-1.0,-0.7745880884818614,-0.9955401681273661,0.030218282755413876,6.7679708710346835,44.60378533990814,-1.0,-0.7745880884818614,178.88961578214688,0.0,0.3820866527451936,181,True
muscle_skeletal,excluded_at_or_below_-1,ENSG00000276366.1,U3,0.07211485286412783,1095123466426.7902,-1.733265138925922,0.17461887548611507,5.991782250289116,10.763118774468037,0.0,-7.200033057289694,1.0,-0.8442468821521316,-0.4042977558332755,-0.7856637083456354,0.12169143260419003,2.878377727677534,6.584644196964133,-0.8442468821521316,-0.4042977558332755,6.05963892235451,0.0,6.059638922354402,12,True
muscle_skeletal,raw,ENSG00000276366.1,U3,0.7972913774873229,768.0929499124956,-0.9926381849652881,0.007384953276892387,1616.1818918924375,112.66679462608921,0.0,1.409782604630514,0.3712778572647105,-1.0,-0.4042977558332755,-0.9968557023229189,0.029398085647298185,13.056010082184947,218.18291289700633,-1.0,-0.4042977558332755,765.8388840461585,0.0,284.3390198786543,818,True
nerve_tibial,excluded_at_or_below_-1,ENSG00000276366.1,U3,1.0244592915647477,4.552094316535385,-0.7407409177310613,0.04223939322066718,54.356674623862034,21.301214747328526,0.0,5.511684633504058,2.531416668138934e-07,-0.9053625991638312,-0.1045213185635391,-0.6038963581975165,0.1648409333977306,0.708613766090043,0.04786823679546526,-0.9053625991638312,-0.1045213185635391,4.552016054790321,0.0,1.1523049314732248e-06,58,True
nerve_tibial,raw,ENSG00000276366.1,U3,1.4871794873856183,633.2169748729777,-0.9879474074383867,0.00449594725750362,127.74358998129944,277.88429994499836,0.0,3.7911787852811094,0.000757042681196307,-1.0,-0.1045213185635391,-0.9657104310081432,0.12140898631167052,3.8308618781091073,14.893171454156178,-1.0,-0.1045213185635391,632.9464167178428,0.0,0.47916745236567126,670,True
ovary,excluded_at_or_below_-1,ENSG00000276366.1,U3,,,,,,,,,,-0.691078839269029,-0.642398451973643,,,,,,,,,,2,False
ovary,raw,ENSG00000276366.1,U3,0.05128205128398844,271.795954050844,-0.9965839549229162,0.0017738369887495508,1.8974359019016411,282.3787896202899,0.0,2.723484349650132,0.024725204825180428,-1.0,-0.642398451973643,-0.9965465144623973,0.03392772067227379,9.749175336152703,93.55810595756013,-1.0,-0.642398451973643,269.42774096749105,0.0,6.6616560810068695,193,True
pancreas,excluded_at_or_below_-1,ENSG00000276366.1,U3,,,,,,,,,,-0.8846537408427405,-0.8014329276700694,,,,,,,,,,4,False
pancreas,raw,ENSG00000276366.1,U3,0.10256410256350615,397.10959400408603,-0.997825907187349,0.0009552106530499298,3.5897435897483847,290.7647797911237,0.0,3.218799467627295,0.0057598260215626145,-1.0,-0.8014329276700694,-0.9983160293171349,0.016258403373792606,9.904072035160164,99.66964382449635,-1.0,-0.8014329276700694,387.8913602025992,0.0,2.2341867500342447,362,True
pituitary,excluded_at_or_below_-1,ENSG00000276366.1,U3,,,,,,,,,,-0.752893993540291,-0.6187941640541175,,,,,,,,,,3,False
pituitary,raw,ENSG00000276366.1,U3,0.07692307692307693,351.5266910216121,-0.9954254765152454,0.0005368942910684974,2.7692307692331353,992.0707278091578,0.0,12.04958454793856,0.0,-1.0,-0.6187941640541175,-0.997113928590016,0.029925808031880895,10.64425099776626,115.37985744712283,-1.0,-0.6187941640541175,334.4815163718767,0.0,0.0,313,True
prostate,excluded_at_or_below_-1,ENSG00000276366.1,U3,,,,,,,,,,-0.7063882038820686,-0.7063882038820686,,,,,,,,,,1,False
prostate,raw,ENSG00000276366.1,U3,0.02631578947030176,296.98685993831015,-0.9967404595458655,0.001744078851024078,0.9743767726616177,235.43665906174857,0.0,2.6430492604357125,0.030709950728192333,-1.0,-0.7063882038820686,-0.9989588234180214,0.01748432801999065,16.70339961561302,277.0035587188611,-1.0,-0.7063882038820686,294.12408837643807,0.0,9.032536262014778,282,True
skin_not_sun_exposed_suprapubic,excluded_at_or_below_-1,ENSG00000276366.1,U3,0.1968618996294217,0.3145312151236623,-0.7063893903343448,0.02102130891800126,9.139885097647852,3.160600285092703,0.006773892068716781,11.657804033741089,0.0,-0.8796746044059519,-0.6594092476409257,-0.754972485386644,0.0681891806022647,-0.3813468993922394,-0.8540975160758921,-0.8796746044059519,-0.6594092476409257,0.31452567213163285,0.0021305629558602823,0.0,10,True
skin_not_sun_exposed_suprapubic,raw,ENSG00000276366.1,U3,0.25641025640774684,645.2326003842581,-0.9958758008504606,0.0015939742319838592,11.435897435957685,298.521490050456,0.0,3.6590920067430086,0.0012478726742331091,-1.0,-0.6594092476409257,-0.9962361364882741,0.031206759798298057,8.595041200796395,74.78309353189437,-1.0,-0.6594092476409257,639.9875696380811,0.0,0.7986230000002199,651,True
skin_sun_exposed_lower_leg,excluded_at_or_below_-1,ENSG00000276366.1,U3,0.24094160724405977,5.900652753858774,-0.7602280510840471,0.013312469083399624,8.770290096145088,62.7234649779299,0.0,8.208900127659856,2.330075173240535e-15,-0.8375011957248115,-0.1697909272021155,-0.7138079057895829,0.14245797630321447,3.2990011240599317,10.30157922699358,-0.8375011957248115,-0.1697909272021155,5.896380549228755,0.0,1.3739009929736312e-14,18,True
skin_sun_exposed_lower_leg,raw,ENSG00000276366.1,U3,0.4615384599821607,784.4189651540197,-0.9907736898998781,0.004538869477807386,47.692307747758434,255.80047259754647,0.0,2.8747186800700364,0.016227911173263034,-1.0,-0.1697909272021155,-0.9931678279896717,0.04867587320806163,9.666453692100076,123.78119343140466,-1.0,-0.1697909272021155,775.8522747680496,0.0,12.590461798510033,754,True
small_intestine_terminal_ileum,excluded_at_or_below_-1,ENSG00000276366.1,U3,,,,,,,,,,-0.8581565637628312,-0.8581565637628312,,,,,,,,,,1,False
small_intestine_terminal_ileum,raw,ENSG00000276366.1,U3,-0.17063347240226293,195.69291372994647,-0.9983021276585975,0.0019724248811659475,161.2253782966105,100.48329802585921,0.0,1.2173614900710987,0.4768431471113317,-1.0,-0.8581565637628312,-0.9993147660085161,0.009858800331611763,14.283026792978164,202.00485436893229,-1.0,-0.8581565637628312,195.61136112061988,0.0,93.27593704748779,207,True
spleen,excluded_at_or_below_-1,ENSG00000276366.1,U3,,,,,,,,,,-0.8184305179097278,-0.8184305179097278,,,,,,,,,,1,False
spleen,raw,ENSG00000276366.1,U3,0.025641025641043137,276.8106448336173,-0.9977690301523872,0.0007026095564302853,0.9743589749242519,360.9728247334868,0.0,4.490499434379601,4.283430924950521e-05,-1.0,-0.8184305179097278,-0.9993445145050893,0.010909452865686113,16.553054799293296,272.00362318840666,-1.0,-0.8184305179097278,270.2134637763468,0.0,0.01157440707077595,277,True
stomach,excluded_at_or_below_-1,ENSG00000276366.1,U3,,,,,,,,,,-0.8111876589542321,-0.7165594037669402,,,,,,,,,,2,False
stomach,raw,ENSG00000276366.1,U3,0.05128205128261473,432.3389185223371,-0.996776473710637,0.0012487963812530553,1.897435908599292,317.33498484772036,0.0,3.6505187439037967,0.001283599552695897,-1.0,-0.7165594037669402,-0.9988396733727793,0.016862286604216195,14.967538497845593,228.77877670238013,-1.0,-0.7165594037669402,430.15829191630814,0.0,0.552150991092204,407,True
testis,excluded_at_or_below_-1,ENSG00000276366.1,U3,0.2664854985898979,0.9919330766568962,-0.7468120311618521,0.12581131523057087,24.77295845260185,3.8742980658541746,0.0,1.1855584180427834,0.4949337307159701,-0.8522817196340429,-0.4021465943218555,-0.6889769990542817,0.11480757534299878,0.7602511581672969,-0.0005187378705469037,-0.8522817196340429,-0.4021465943218555,0.9913829123420284,0.0,0.4906688433735037,28,True
testis,raw,ENSG00000276366.1,U3,0.7179487179516061,399.1206358795304,-0.9923654282794988,0.0008592089654516223,33.89743591416759,971.4697044766004,0.0,12.566110578662348,0.0,-1.0,-0.4021465943218555,-0.9789646279553621,0.08352523613944922,4.240640568962581,18.27363134563593,-1.0,-0.4021465943218555,338.0587265219556,0.0,0.0,414,True
thyroid,excluded_at_or_below_-1,ENSG00000276366.1,U3,0.1971173104520346,0.9951007773483492,-0.7201952557158873,0.009916580252844278,6.025809017205784,12.806498852389245,0.0,19.222157822413127,0.0,-0.854982586109561,-0.6303950466056227,-0.730934379414002,0.06298291406022277,-0.2955359172440204,-0.26120794113344825,-0.854982586109561,-0.6303950466056227,0.9947553270170469,0.0,0.0,11,True
thyroid,raw,ENSG00000276366.1,U3,0.28205128218929837,975.0051929142624,-0.99663968396908,0.002067891098102617,9.897435906548731,250.47166834900446,0.0,2.2980922492229983,0.07259119052064414,-1.0,-0.6303950466056227,-0.9956729213063655,0.034717452191088786,8.223167013680852,68.01599635491388,-1.0,-0.6303950466056227,957.8972440262132,0.0,69.53490134030677,684,True
uterus,excluded_at_or_below_-1,ENSG00000276366.1,U3,,,,,,,,,,-0.8341652211911323,-0.8341652211911323,,,,,,,,,,1,False
uterus,raw,ENSG00000276366.1,U3,0.0256410256410256,169.9644146257361,-0.9981610279100068,0.0006994804574472563,0.9743589743589746,331.5676536276028,0.0,3.718044218112063,0.0010159858314713784,-1.0,-0.8341652211911323,-0.9989161125568049,0.013406947243723582,12.247717295372594,148.00657894736875,-1.0,-0.8341652211911323,166.59380777332004,0.0,0.16925694830855897,153,True
vagina,excluded_at_or_below_-1,ENSG00000276366.1,U3,,,,,,,,,,-0.7419816582094363,-0.7349988588538457,,,,,,,,,,3,False
vagina,raw,ENSG00000276366.1,U3,0.07692307694376264,171.36443081664493,-0.996896294326563,0.0012885627027132585,4.76923076940404,287.4356866114175,0.0,3.4063555058258173,0.003022712904362953,-1.0,-0.7349988588538457,-0.9953723638312857,0.03463118916733849,7.328518878760264,51.71490654453472,-1.0,-0.7349988588538457,171.35956792276588,0.0,0.5179707772462043,170,True
whole_blood,excluded_at_or_below_-1,ENSG00000276366.1,U3,,,,,,,,,,-0.749963745259263,-0.4881605816046243,,,,,,,,,,6,False
whole_blood,raw,ENSG00000276366.1,U3,0.15789473602614734,839.6756587550631,-0.9941990743551171,0.0026093167497098432,7.077562327626669,274.26585891121357,0.0,3.1440214079887014,0.007171431988048572,-1.0,-0.4881605816046243,-0.9974723292928234,0.030340252027440357,12.890948746229045,176.0057808371516,-1.0,-0.4881605816046243,835.6670888680575,0.0,5.99292969246778,803,True
adipose_subcutaneous,excluded_at_or_below_-1,ENSG00000277754.1,U3,0.32469374071740703,3.048864574966257,-0.7416443314876212,0.039800859620049596,17.085452773740194,20.690081925975257,0.0,4.7584887866073755,1.2108440899180273e-05,-0.8755646595330786,-0.1593538852828515,-0.6725124362576662,0.1736357161969578,1.9720262608696115,3.5326446257251023,-0.8755646595330786,-0.1593538852828515,3.048864536732095,0.0,3.6916996052627216e-05,25,True
adipose_subcutaneous,raw,ENSG00000277754.1,U3,0.6410256410256411,787.499923965468,-0.9905258782012171,0.00281874054816278,64.97435897435898,417.0141540043384,0.0,4.753339766636755,1.2601180036458647e-05,-1.0,-0.1593538852828515,-0.9885333486084616,0.06814417985061068,7.61436980781355,70.38085721328501,-1.0,-0.1593538852828515,775.4658149229447,0.0,0.009771784345963042,714,True
adipose_visceral_omentum,excluded_at_or_below_-1,ENSG00000277754.1,U3,0.20681419136580217,2.8747510251556547,-0.779142926831194,0.07924014170651834,29.969466425822937,11.075849578246322,0.0,0.9143045339451626,0.6583915749297189,-0.8303725450164093,-0.1585493238200672,-0.6942467594642395,0.15084255831450194,2.032737018779126,4.10787762927818,-0.8303725450164093,-0.1585493238200672,2.8746907583112704,0.0,1.8926721758004652,28,True
adipose_visceral_omentum,raw,ENSG00000277754.1,U3,0.7179487179487425,593.0029786148159,-0.9903926756220597,0.0037080206518843918,67.89743589776928,317.25933060551614,0.0,3.6641674113914724,0.0012194601792035373,-1.0,-0.1585493238200672,-0.9854155183390098,0.07281593576398103,6.242210624539273,47.16540849002311,-1.0,-0.1585493238200672,590.8044051136964,0.0,0.7204624457341899,587,True
adrenal_gland,excluded_at_or_below_-1,ENSG00000277754.1,U3,,,,,,,,,,-0.8494299256599915,-0.7310051662869332,,,,,,,,,,6,False
adrenal_gland,raw,ENSG00000277754.1,U3,0.1538461534185075,344.5984445139952,-0.9971949801472018,0.0013268574065908867,9.07692307911918,283.7149214805061,0.0,2.9896936165473265,0.011537088529280594,-1.0,-0.7310051662869332,-0.9957733239531356,0.030161349653140147,7.321802406847229,53.79371640332107,-1.0,-0.7310051662869332,342.2132885279769,0.0,3.9481450056435095,295,True
artery_aorta,excluded_at_or_below_-1,ENSG00000277754.1,U3,0.28205127382261835,19.41151747542747,-0.7929058228309309,0.005747424422556832,13.89743625720286,147.10168636664622,0.0,-0.36798246811502217,1.0,-0.7914103263369162,-0.1950782759049517,-0.5504896131231153,0.20876386028536253,0.520007651414958,-1.1735234013547717,-0.7914103263369162,-0.1950782759049517,18.140754296869897,0.0,18.140754296869883,13,True
artery_aorta,raw,ENSG00000277754.1,U3,0.33333333332849746,598.5789212554221,-0.9920806606609037,0.00415168233501881,12.666666666797616,271.487915214125,0.0,2.697614170505697,0.026321492112133024,-1.0,-0.1950782759049517,-0.9876194173105943,0.08083186434823568,7.345900958501969,57.20970608673261,-1.0,-0.1950782759049517,597.8660653494765,0.0,15.73672692320828,472,True
artery_coronary,excluded_at_or_below_-1,ENSG00000277754.1,U3,0.35398676586568517,6.1184143808768585,-0.7086268080261994,0.06810071864210758,21.0346546669809,23.66266563853603,0.0,4.425557312420686,5.586225014245127e-05,-0.921737218919128,0.4308365501586522,-0.600240335161486,0.24492379584355306,2.48276452405156,7.271982827610165,-0.921737218919128,0.4308365501586522,6.117453581853207,0.0,0.00034173472222431833,36,True
artery_coronary,raw,ENSG00000277754.1,U3,0.923076923076923,275.4734036142948,-0.9821317481119406,4.104105711491553e-05,110.76923076924035,48688.7782890779,,615.7132864593925,,-1.0,0.4308365501586522,-0.9463009405440802,0.1628382032899958,4.253558790777203,23.8793024918335,-1.0,0.4308365501586522,0.0,0.0,0.0,268,True
artery_tibial,excluded_at_or_below_-1,ENSG00000277754.1,U3,0.6092571109433191,7.247839430161253,-0.7338226139320491,0.0731877779275318,52.73439930785075,18.71740143373065,0.0,1.504030934676904,0.3227296205219766,-0.8116585822553617,0.2348323728109953,-0.589606226722511,0.22877634365580166,1.7715925516411866,3.0036216384998555,-0.8116585822553617,0.2348323728109953,7.247012268753461,0.0,2.3388255194129135,58,True
artery_tibial,raw,ENSG00000277754.1,U3,1.4871794837716932,760.2083990298048,-0.9875834331514174,0.007009674277319562,265.74358990317813,246.6244426285016,0.0,2.5050632227225984,0.04338572939341612,-1.0,0.2348323728109953,-0.9655530552097041,0.13150137957851432,4.859472394698415,28.126533591341435,-1.0,0.2348323728109953,760.1733031838415,0.0,32.98067322403342,691,True
bladder,excluded_at_or_below_-1,ENSG00000277754.1,U3,,,,,,,,,,-0.8094850099794606,-0.4711586698913498,,,,,,,,,,5,False
bladder,raw,ENSG00000277754.1,U3,0.1282051282051282,74.52912674566252,-0.993800105735129,0.0021550271942573224,4.3589743589743595,342.97785605584545,0.0,4.068614344183019,0.0002543683594171083,-1.0,-0.4711586698913498,-0.9760089681794699,0.09581584194561539,3.9935608452884312,14.921167824714345,-1.0,-0.4711586698913498,74.52284917932911,0.0,0.018956254884834545,77,True
brain_amygdala,excluded_at_or_below_-1,ENSG00000277754.1,U3,0.1914180603501285,4.179502729272886,-0.7800611649989153,0.1723834320046321,17.03612714684089,8.821509357494106,0.0,0.9187959886068228,0.6556944284562953,-0.8920564180796152,0.2952234305992618,-0.6793589971690438,0.20949176143819415,2.649831261536401,9.173633583492089,-0.8920564180796152,0.2952234305992618,4.179366373136807,0.0,2.7403872453433986,43,True
brain_amygdala,raw,ENSG00000277754.1,U3,,,,,,,,,,,,,,,,,,,,,181,False
brain_anterior_cingulate_cortex_ba24,excluded_at_or_below_-1,ENSG00000277754.1,U3,-0.1129800182694638,9.269720035288392,-0.7074380970861712,0.7036725666327691,189.1356097995303,3.0518013667059307,0.0,0.36619453109778527,0.9345278315832621,-0.8896461118021841,0.8110517248893967,-0.4318468356256626,0.3213567709539819,0.8062521932835235,0.48268764444054213,-0.8896461118021841,0.8110517248893967,9.181677920812879,0.0,8.580533557633174,170,True
brain_anterior_cingulate_cortex_ba24,raw,ENSG00000277754.1,U3,4.358974358524675,178.85756056668527,-0.9904049789184639,0.012351308449710066,724.9743593982726,206.26515101020019,0.0,1.0986211703815518,0.5478904329671226,-1.0,0.8110517248893967,-0.5854676483105693,0.37307139171374637,0.7221323212419118,0.0026441602644085016,-1.0,0.8110517248893967,178.53514130498212,0.0,97.81769586943315,233,True
brain_caudate_basal_ganglia,excluded_at_or_below_-1,ENSG00000277754.1,U3,0.08099924685175826,2.338107257511768,-1.0068246233420963,0.18990993518757104,14.122034290345717,3.991521739608555,0.0,-0.9121869229865668,1.0,-0.8843301401661341,-0.470816728185976,-0.7825252634770834,0.10760502579994179,1.7029088632487595,2.4115430204780957,-0.8843301401661341,-0.470816728185976,1.5415263165977486,0.0,1.5415263165977482,17,True
brain_caudate_basal_ganglia,raw,ENSG00000277754.1,U3,0.4358974358974359,344.5442632453751,-0.9943440558306914,0.0021531241649869514,29.589743589743588,343.8628663724029,0.0,3.7149334359497583,0.001035222963987177,-1.0,-0.470816728185976,-0.9876764315970347,0.05618054392571095,5.539469529444411,35.6880447737465,-1.0,-0.470816728185976,335.2899910269705,0.0,0.3470998983061738,300,True
brain_cerebellar_hemisphere,excluded_at_or_below_-1,ENSG00000277754.1,U3,0.43733727527129185,10.853411688939575,-0.5819043236531019,0.455276702319944,107.71180529217159,4.440629732300707,0.0,0.8672875011415762,0.6865219826099929,-0.8611095328157554,0.8476642468485551,-0.4283291040996185,0.3173441154334819,1.308923672464237,2.235508358689934,-0.8611095328157554,0.8476642468485551,10.852837866256182,0.0,7.450711768887,183,True
brain_cerebellar_hemisphere,raw,ENSG00000277754.1,U3,4.689804399303608,123.89432586009546,-0.9769570609703946,9.24014167342628e-05,926.307936700251,27926.024198670846,,352.6746455232724,,-1.0,0.8476642468485551,-0.6223257258131054,0.37408745522592296,1.0075804933699066,1.0503200735811804,-1.0,0.8476642468485551,0.0,0.0,0.0,277,True
brain_cerebellum,excluded_at_or_below_-1,ENSG00000277754.1,U3,0.38812006234855156,9.03897160761778,-0.5842119372154146,0.4292186695726509,219.60318204364665,4.0813307493619755,0.0,0.9000279967515808,0.6668807424773764,-0.8573735230056211,0.6544859517989925,-0.4460803601734801,0.27954169936479206,1.0735323245738504,1.3163529223282264,-0.8573735230056211,0.6544859517989925,9.036772587881153,0.0,6.0264496130053855,164,True
brain_cerebellum,raw,ENSG00000277754.1,U3,4.205128205128204,121.30367691356687,-0.9831690784584126,0.008295261261800036,772.3589743592756,279.19481752115223,0.0,2.869411433846198,0.016313042518666145,-1.0,0.6544859517989925,-0.6584856355956794,0.34767635652296625,0.8488599434705987,0.28630917660468347,-1.0,0.6544859517989925,121.18599041396529,0.0,1.9769122142896833,266,True
brain_cortex,excluded_at_or_below_-1,ENSG00000277754.1,U3,-0.11016720448335038,11.830881186384286,-0.9531621902207785,0.6881786935278158,171.9870465109263,3.0609129733132043,0.0,-0.16605171827290977,1.0,-0.8723587970279244,0.5363264888740003,-0.5231462386280019,0.27290687239725125,1.1236886867328972,1.4923365042773877,-0.8723587970279244,0.5363264888740003,11.55961718650832,0.0,11.559617186508321,173,True
brain_cortex,raw,ENSG00000277754.1,U3,4.435897455279763,151.95458497370745,-0.9818921380533052,0.0015570285100972364,927.5897435897436,1378.9634286876149,0.0,16.446958924982557,0.0,-1.0,0.5363264888740003,-0.6944603677134975,0.3164799588666241,1.0108941049996105,0.7921698068405632,-1.0,0.5363264888740003,150.472854950249,0.0,0.0,270,True
brain_frontal_cortex_ba9,excluded_at_or_below_-1,ENSG00000277754.1,U3,0.8647269511471452,12.582807305423739,-0.674334422114464,0.3384002975591302,237.60329646959667,6.207925114625564,0.0,0.960317677036275,0.6305892035955285,-0.9041241768634252,0.8111298400786804,-0.5023711312712279,0.32624850198160477,1.6737415558277258,3.031851852752646,-0.9041241768634252,0.8111298400786804,12.582752264062199,0.0,7.934547729234817,181,True
brain_frontal_cortex_ba9,raw,ENSG00000277754.1,U3,4.641025627169397,230.62976176145514,-0.9823728722207518,0.004968323355698491,1206.9743589743591,510.51344252334786,0.0,5.017492096705969,3.450837822948844e-06,-1.0,0.8111298400786804,-0.6651642184390046,0.35524724947046843,1.4397886436247296,2.48051782967189,-1.0,0.8111298400786804,228.17062417054612,0.0,0.000787379819973566,269,True
brain_hippocampus,excluded_at_or_below_-1,ENSG00000277754.1,U3,0.6619203178344557,3.867254159310302,-0.8113756676445232,0.055203546674781334,63.94578140464282,14.101838669081054,0.0,2.092245321892513,0.11206348363419869,-0.8930460499369788,-0.2609131845507022,-0.7118955668823613,0.15227160866006478,1.4489291074108184,1.655514670472189,-0.8930460499369788,-0.2609131845507022,3.8670395582398616,0.0,0.43335392424761165,50,True
brain_hippocampus,raw,ENSG00000277754.1,U3,1.6833248203596531,197.3309056709483,-0.9907694361609102,0.007285884064750938,153.17312025203412,141.6674490613419,0.0,1.7916821697378735,0.202214312701657,-1.0,-0.2609131845507022,-0.943508934682816,0.13269744461434693,2.738097997246285,7.985135170295537,-1.0,-0.2609131845507022,196.02588858882672,0.0,39.63924033272118,255,True
brain_hypothalamus,excluded_at_or_below_-1,ENSG00000277754.1,U3,0.14438648774841942,2.808484715373215,-0.9379999823596618,0.21376758582983726,8.946466386304971,5.022354549060134,0.0,-0.49894148561427487,1.0,-0.8625817289304263,-0.1788383990606562,-0.7074913509152698,0.16277207849908495,1.729996069314129,2.705543287787962,-0.8625817289304263,-0.1788383990606562,2.4797804160109136,0.0,2.4797804160109136,25,True
brain_hypothalamus,raw,ENSG00000277754.1,U3,0.6410256410256381,251.7193415716876,-0.9907914954447165,0.0036361565063213037,40.97435897435914,315.7936350981976,0.0,3.5814718119577256,0.0016580697978822783,-1.0,-0.1788383990606562,-0.9715458512563493,0.10013330213749969,4.420984508930732,22.950762817870412,-1.0,-0.1788383990606562,248.87373973702302,0.0,0.4126500313439725,257,True
brain_nucleus_accumbens_basal_ganglia,excluded_at_or_below_-1,ENSG00000277754.1,U3,0.08858734706042813,0.8519279896979651,-0.8571596580722579,0.07168637599550767,8.730249208895316,6.44417950147341,0.0,0.8796204194780585,0.6791822386749631,-0.9017475490398844,-0.530504698018005,-0.7985547579665206,0.10917798072391935,1.5424573012086111,1.2134563895310384,-0.9017475490398844,-0.530504698018005,0.8519277784985196,0.0,0.5786142157900126,13,True
brain_nucleus_accumbens_basal_ganglia,raw,ENSG00000277754.1,U3,0.33333333333334403,345.12621173792337,-0.9950925499209194,0.0019648499895967,16.666666685052434,334.3901287903124,0.0,3.5321691199078074,0.0019748555777780634,-1.0,-0.530504698018005,-0.9908112696616308,0.04771235156177934,6.424048130300538,47.39784407328906,-1.0,-0.530504698018005,341.40205986321945,0.0,0.6742197621857993,285,True
brain_putamen_basal_ganglia,excluded_at_or_below_-1,ENSG00000277754.1,U3,0.1636643543131306,0.7083153964258211,-0.8571111938969015,0.031837664036293435,6.238276245203762,12.836120411825584,0.0,3.0964330825757767,0.0082801975656703,-0.9268200404366604,-0.5681363883411219,-0.7972985548899693,0.11035049541609644,0.8690421247131307,-0.3452983165349339,-0.9268200404366604,-0.5681363883411219,0.7082725679049382,0.0,0.005864636792597522,11,True
brain_putamen_basal_ganglia,raw,ENSG00000277754.1,U3,0.2820512798071732,289.92339500527953,-0.9955211636288589,0.0021810608915166867,11.897435903468978,277.1189689909999,0.0,2.9041055957467727,0.014816789212620841,-1.0,-0.5681363883411219,-0.9912215909598018,0.046801472669984134,6.259810741166397,42.69670375776059,-1.0,-0.5681363883411219,288.50038262789894,0.0,4.274649357158007,254,True
brain_spinal_cord_cervical_c-1,excluded_at_or_below_-1,ENSG00000277754.1,U3,,,,,,,,,,-0.8367795285938818,-0.4184443553822333,,,,,,,,,,6,False
brain_spinal_cord_cervical_c-1,raw,ENSG00000277754.1,U3,0.1538461573015151,246.12752345127342,-0.994120362419005,0.0029741847500931963,7.076923079488177,273.731756797785,0.0,2.7957453579914078,0.02008540509043108,-1.0,-0.4184443553822333,-0.990444152851939,0.059978998186095055,7.035449764036187,53.02347021767751,-1.0,-0.4184443553822333,246.04527872026628,0.0,4.94191909368457,204,True
brain_substantia_nigra,excluded_at_or_below_-1,ENSG00000277754.1,U3,,,,,,,,,,-0.9108639242689482,-0.5689012656902575,,,,,,,,,,9,False
brain_substantia_nigra,raw,ENSG00000277754.1,U3,0.25506271279717385,199.8559353059243,-0.9946133255763345,5.504754588815049e-06,8.946093684266874,109368.68466034086,,1383.8778646944131,,-1.0,-0.5689012656902575,-0.9900646070476776,0.04945148623764223,5.896042893150119,38.33440496033172,-1.0,-0.5689012656902575,0.0,0.0,0.0,183,True
breast_mammary_tissue,excluded_at_or_below_-1,ENSG00000277754.1,U3,0.4262885555506872,5.651320066323974,-0.753141439884768,0.06893619578923738,31.56374762041024,19.830404166181104,0.0,2.835565734517827,0.01794913037639544,-0.8913618047920054,0.2134965987758463,-0.6371432276284749,0.22833479671169396,1.9368559430913275,3.8893855621358213,-0.8913618047920054,0.2134965987758463,5.651303648319825,0.0,0.10143598598029174,42,True
breast_mammary_tissue,raw,ENSG00000277754.1,U3,1.0769227752261048,611.5649047004406,-0.9881890007211205,0.006568274546421831,122.76923077581961,258.7346281745866,0.0,2.543023323297268,0.03952834426006572,-1.0,0.2134965987758463,-0.970350224825673,0.11859868451072238,5.394925005957008,35.86175281566091,-1.0,0.2134965987758463,609.8875320203451,0.0,24.107844325622096,514,True
cells_cultured_fibroblasts,excluded_at_or_below_-1,ENSG00000277754.1,U3,,,,,,,,,,-0.7571804583380393,-0.6182980020765788,,,,,,,,,,4,False
cells_cultured_fibroblasts,raw,ENSG00000277754.1,U3,0.10256410256624127,683.357739031371,-0.9956366690978079,0.0017672303645322423,5.58974359668448,301.9625914194004,0.0,3.491724600734194,0.0022585339313264514,-1.0,-0.6182980020765788,-0.9982569073129349,0.022650951555394233,13.48408719039177,188.0033091698131,-1.0,-0.6182980020765788,681.2896417066822,0.0,1.5387157728557717,652,True
cells_ebv-transformed_lymphocytes,excluded_at_or_below_-1,ENSG00000277754.1,U3,,,,,,,,,,-0.8247040766119638,-0.7326787494825019,,,,,,,,,,3,False
cells_ebv-transformed_lymphocytes,raw,ENSG00000277754.1,U3,0.0769230769230769,353.8362588833339,-0.9968027061250271,0.0004852673989394233,4.769230769230772,769.7357837099016,0.0,9.31786551241954,1.605083199884786e-19,-1.0,-0.7326787494825019,-0.9978328915293646,0.022931220480888245,10.751384691447328,115.94031873662507,-1.0,-0.7326787494825019,345.84594266041,0.0,5.551115123125783e-17,327,True
cervix_ectocervix,excluded_at_or_below_-1,ENSG00000277754.1,U3,,,,,,,,,,-0.7326236113114168,-0.6918267118179946,,,,,,,,,,2,False
cervix_ectocervix,raw,ENSG00000277754.1,U3,0.05128205128205128,25.000596114366555,-0.9963949976861832,0.0006850060283753243,1.8974358974367438,628.7895035976505,0.0,7.442625252040634,9.367995513582115e-13,-1.0,-0.6918267118179946,-0.9760187634637255,0.08146979057018558,3.04458457018841,7.33937473602635,-1.0,-0.6918267118179946,24.999888240392824,0.0,2.3419884087605425e-11,24,True
cervix_endocervix,excluded_at_or_below_-1,ENSG00000277754.1,U3,,,,,,,,,,-0.7812064353193258,-0.639118862036642,,,,,,,,,,3,False
cervix_endocervix,raw,ENSG00000277754.1,U3,0.07692307692329961,23.271429192343508,-0.9961257870167642,0.0016156656912768613,4.769230769230771,312.492886303102,0.0,3.391149898147629,0.0032660429291688693,-1.0,-0.639118862036642,-0.95913015703304,0.11068522728329053,2.386874761288182,3.952932185465059,-1.0,-0.639118862036642,22.679325025498915,0.0,0.07407164913785318,23,True
colon_sigmoid,excluded_at_or_below_-1,ENSG00000277754.1,U3,,,,,,,,,,-0.8028492152271237,-0.5462664606946618,,,,,,,,,,13,False
colon_sigmoid,raw,ENSG00000277754.1,U3,0.3333333333333333,446.3383987634073,-0.9948517054798666,0.0016931966196694357,14.666666666666668,374.67316535249455,0.0,4.300025082075451,9.738632893938579e-05,-1.0,-0.5462664606946618,-0.9904905875651782,0.05525779316937872,6.053862981912916,37.052525001253954,-1.0,-0.5462664606946618,442.6565865833998,0.0,0.04310869994819666,419,True
colon_transverse,excluded_at_or_below_-1,ENSG00000277754.1,U3,0.12618755902113554,0.4818541768345662,-0.8334893865843036,0.10290726563216519,10.630689888755924,5.108681245109511,0.0,0.4975243678997756,0.8835879610258704,-0.8696924563667938,-0.4617489140644606,-0.7232746626305354,0.13661861854250995,0.8581087884650426,-0.6744795149967215,-0.8696924563667938,-0.4617489140644606,0.4818526103637282,0.0,0.42575916550627974,11,True
colon_transverse,raw,ENSG00000277754.1,U3,0.28205128206706226,515.7967548017612,-0.9940098336932534,0.0023592014197285115,11.897435906899567,319.06161337713854,0.0,3.5907804908181005,0.0016113361531849486,-1.0,-0.4617489140644606,-0.9936451383902628,0.04595906040762045,8.403571169572864,77.14985941100534,-1.0,-0.4617489140644606,507.5280958093125,0.0,0.8177983695346596,479,True
esophagus_gastroesophageal_junction,excluded_at_or_below_-1,ENSG00000277754.1,U3,0.12371114439795469,0.834754950376869,-0.7641599220648841,0.13016970398847952,11.422642054882711,5.092482065487611,0.0,0.4165076256130102,0.9169191134043965,-0.8024969001405382,-0.295428111913935,-0.6491732231850865,0.15205778795322616,1.2894568849491164,0.5437351455565769,-0.8024969001405382,-0.295428111913935,0.8347500826969222,0.0,0.7653983057407086,15,True
esophagus_gastroesophageal_junction,raw,ENSG00000277754.1,U3,0.38461538460706357,493.5647863571202,-0.9929959714195221,0.003668087692334099,17.23076923104637,268.94393218844493,0.0,2.700369522370414,0.02610090151612927,-1.0,-0.295428111913935,-0.9869419313840604,0.07229666288027568,6.370249714786031,44.87064953142419,-1.0,-0.295428111913935,493.4599868942437,0.0,12.879750520077105,403,True
esophagus_mucosa,excluded_at_or_below_-1,ENSG00000277754.1,U3,,,,,,,,,,-0.801728396878097,-0.6557191494599249,,,,,,,,,,7,False
esophagus_mucosa,raw,ENSG00000277754.1,U3,0.17948717948729076,662.8320105935064,-0.9953593748588313,0.0011345542953755017,7.743589743616967,423.3590362703764,0.0,5.7845050160057845,5.4294517124599485e-08,-1.0,-0.6557191494599249,-0.9970873891952793,0.0278095250277824,9.905128642335221,100.62249685587508,-1.0,-0.6557191494599249,661.9003587761862,0.0,3.593756036435192e-05,614,True
esophagus_muscularis,excluded_at_or_below_-1,ENSG00000277754.1,U3,,,,,,,,,,-0.792022212969052,-0.4661237280441495,,,,,,,,,,8,False
esophagus_muscularis,raw,ENSG00000277754.1,U3,0.20512820512828092,611.5805589964665,-0.992826614932552,0.0015726121890794953,10.35897435902548,473.65165496691185,0.0,6.4508583368212955,9.205647854207301e-10,-1.0,-0.4661237280441495,-0.995521066156271,0.039677950817228774,9.893730171137847,106.24626338116059,-1.0,-0.4661237280441495,611.120270968899,0.0,5.625758011107429e-07,561,True
fallopian_tube,excluded_at_or_below_-1,ENSG00000277754.1,U3,,,,,,,,,,-0.7845226803784564,-0.5364968136580226,,,,,,,,,,8,False
fallopian_tube,raw,ENSG00000277754.1,U3,0.20512820512820512,21.825680836695035,-0.9943181898637234,0.0005090991282494206,8.35897435897436,1271.7703948949043,0.0,15.783356340014905,0.0,-1.0,-0.5364968136580226,-0.9053696135101115,0.16309631627708884,1.255930732812307,-0.16009549916278054,-1.0,-0.5364968136580226,16.637125253952018,0.0,0.0,29,True
heart_atrial_appendage,excluded_at_or_below_-1,ENSG00000277754.1,U3,0.061713013183511654,0.756847066722006,-0.8523586828916755,0.06828934436702874,8.787416052236972,5.5709957978037545,0.0,0.46260154872897097,0.898525818195563,-0.8746967210115074,-0.5833472261884172,-0.8006315168922199,0.08183293718255887,1.8429341482750443,2.6432956471721747,-0.8746967210115074,-0.5833472261884172,0.7568467179238295,0.0,0.6800463164711354,11,True
heart_atrial_appendage,raw,ENSG00000277754.1,U3,0.28205128205128205,511.4722162493335,-0.9952783641394004,0.0013563162380106758,13.897435897435898,429.51531930968264,0.0,4.9231892117145915,5.520286227178638e-06,-1.0,-0.5833472261884172,-0.9952428344594673,0.03276262753730367,8.02974233807486,74.13546308816503,-1.0,-0.5833472261884172,505.46464978668797,0.0,0.0027903095445431236,461,True
heart_left_ventricle,excluded_at_or_below_-1,ENSG00000277754.1,U3,,,,,,,,,,-0.8875320514242143,-0.7820943224657124,,,,,,,,,,4,False
heart_left_ventricle,raw,ENSG00000277754.1,U3,-0.4185245534145503,412.87770525434024,-0.9973238659479977,0.0028861734303692738,1397.1376625793011,105.46162479815825,0.0,1.3112950979477793,0.4241240499590938,-1.0,-0.7820943224657124,-0.9985561873157542,0.01596944191748025,11.7316480080941,142.32171491219253,-1.0,-0.7820943224657124,412.04530828008535,0.0,174.7583249143925,452,True
kidney_cortex,excluded_at_or_below_-1,ENSG00000277754.1,U3,,,,,,,,,,,,,,,,,,,,,0,False
kidney_cortex,raw,ENSG00000277754.1,U3,0.0,104.0,-0.9875,1.0001e-06,0.0,-17675.90193946968,0.0,,,-1.0,-1.0,-1.0,0.0,,,,-1.0,8.493566188631232e-188,0.0,,104,True
kidney_medulla,excluded_at_or_below_-1,ENSG00000277754.1,U3,,,,,,,,,,,,,,,,,,,,,0,False
kidney_medulla,raw,ENSG00000277754.1,U3,0.0,11.0,-0.9875,1.0001e-06,0.0,-17675.90193946968,0.0,,,-1.0,-1.0,-1.0,0.0,,,,-1.0,8.983579622590726e-189,0.0,,11,True
liver,excluded_at_or_below_-1,ENSG00000277754.1,U3,,,,,,,,,,-0.8434234622660184,-0.8303327831010983,,,,,,,,,,2,False
liver,raw,ENSG00000277754.1,U3,0.05128205167309322,281.71759695949555,-0.997653058948156,0.0007972932260943681,1.897435897714125,296.7874247747707,0.0,4.162929969776701,0.0001743077253959009,-1.0,-0.8303327831010983,-0.9987547948296456,0.014236230323623639,11.34193079091719,126.85184340926298,-1.0,-0.8303327831010983,278.8294925899325,0.0,0.048602134626644256,262,True
lung,excluded_at_or_below_-1,ENSG00000277754.1,U3,,,,,,,,,,-0.8109244139895566,-0.6800272157114594,,,,,,,,,,4,False
lung,raw,ENSG00000277754.1,U3,-0.06076166581725978,549.58946624623,-0.9960318091559658,0.004007298809872006,2654.300331731632,111.5210028062996,0.0,1.400411992211077,0.37632096592905606,-1.0,-0.6800272157114594,-0.9981349094062357,0.023277355515861853,12.712148158535298,162.43739999275388,-1.0,-0.6800272157114594,547.7985267771451,0.0,206.14807073128912,604,True
minor_salivary_gland,excluded_at_or_below_-1,ENSG00000277754.1,U3,,,,,,,,,,-0.7992131867079437,-0.5247272675530947,,,,,,,,,,7,False
minor_salivary_gland,raw,ENSG00000277754.1,U3,0.17948717973839853,203.39103385886935,-0.9949357538894075,0.002211740826153332,7.7435897469682615,300.6569353228719,0.0,3.238139590365634,0.005386100657984581,-1.0,-0.5247272675530947,-0.9899223476200101,0.053367499042487804,5.906933840684808,38.418498575937946,-1.0,-0.5247272675530947,199.59493622081868,0.0,1.0750384173093561,181,True
muscle_skeletal,excluded_at_or_below_-1,ENSG00000277754.1,U3,0.3358508440831568,1.0577987035637677,-0.8298388473368751,0.0892023723716437,22.178404132578812,5.009015528716117,0.0,0.5595653849291401,0.8550838593817217,-0.865133771074541,-0.5138921754225503,-0.7451474934284198,0.09740634981363559,0.8350283251706976,-0.3258888389612298,-0.865133771074541,-0.5138921754225503,1.057793264084163,0.0,0.9045019466810749,27,True
muscle_skeletal,raw,ENSG00000277754.1,U3,0.6923076923076923,1016.5896841734143,-0.9946119046680035,0.001371612890734802,36.30769230769231,495.65031459790185,0.0,5.555443190524604,2.0795226737993485e-07,-1.0,-0.5138921754225503,-0.9915879979493487,0.04876001469024448,6.399080529621076,43.59455282147893,-1.0,-0.5138921754225503,971.3546108676177,0.0,0.0002019953937598684,818,True
nerve_tibial,excluded_at_or_below_-1,ENSG00000277754.1,U3,0.3017387943579954,2.751743599309377,-0.6791114531790006,0.08341872723086204,20.540274240181045,12.624298187906287,0.0,2.71462127403194,0.025107609632517996,-0.8392359616822105,0.0655447395185722,-0.5921162069345736,0.2111830426257723,1.6245956890023108,2.2770334917649917,-0.8392359616822105,0.0655447395185722,2.751743531804302,0.0,0.06908970240534879,30,True
nerve_tibial,raw,ENSG00000277754.1,U3,0.7692307692307686,659.0716090596876,-0.9874604456669774,0.004459992366712967,56.92307692307696,333.8961351712189,0.0,3.9761520526872176,0.00036907593389103353,-1.0,0.0655447395185722,-0.98173654657916,0.09518249882294126,6.450517976215671,48.863284444771125,-1.0,0.0655447395185722,658.8182968820571,0.0,0.2431539781862454,670,True
ovary,excluded_at_or_below_-1,ENSG00000277754.1,U3,,,,,,,,,,-0.7759831944710511,-0.3933180532990749,,,,,,,,,,9,False
ovary,raw,ENSG00000277754.1,U3,0.23076923076923078,209.25705152970815,-0.9933040438992683,0.002462783487155559,8.923076923076923,344.5322455530395,0.0,3.845044430457309,0.0006320050970855074,-1.0,-0.3933180532990749,-0.9854028078239364,0.07044498326850968,5.414979518688897,32.499152778516574,-1.0,-0.3933180532990749,203.97412970161835,0.0,0.12891268964500116,193,True
pancreas,excluded_at_or_below_-1,ENSG00000277754.1,U3,,,,,,,,,,-0.8731777626250983,-0.6807601291767879,,,,,,,,,,5,False
pancreas,raw,ENSG00000277754.1,U3,-0.25982295813318124,331.084413045886,-0.9960300453374079,0.0038692051270734803,714.628165188454,115.23270971673924,0.0,1.4510380146452688,0.35031186699871025,-1.0,-0.6807601291767879,-0.9974071028717924,0.023393748843971662,10.155202140798341,113.09383032684828,-1.0,-0.6807601291767879,329.82070211407,0.0,115.54010593240572,362,True
pituitary,excluded_at_or_below_-1,ENSG00000277754.1,U3,0.25986797628436303,3.6659791774835733,-0.6925941258514843,0.02247535983622353,11.52506699722546,33.26110633957582,0.0,9.453155205664748,0.0,-0.842828199747979,-0.1639926801982261,-0.6759860011872805,0.15678842427122922,2.2123571969354026,4.521586965023261,-0.842828199747979,-0.1639926801982261,3.6642204071145037,0.0,0.0,19,True
pituitary,raw,ENSG00000277754.1,U3,0.4871794886494632,367.7153844239344,-0.9916996633961302,0.004528177842846706,33.743589748128024,258.5045203466455,0.0,2.592311743231998,0.034743067216569834,-1.0,-0.1639926801982261,-0.9803314186024229,0.08615948089789047,5.454716541541317,35.99656242407904,-1.0,-0.1639926801982261,367.61800583581265,0.0,12.772177086775,313,True
prostate,excluded_at_or_below_-1,ENSG00000277754.1,U3,0.7268674078547364,9.417829903293605,-0.7518275621270731,0.026409180450880695,48.10091769465708,56.68671180377379,0.0,6.551255091714322,4.789355575311622e-10,-0.874166424163237,0.3067463626490647,-0.5924381892291625,0.24434642358370642,1.8092716934992266,3.503638707020219,-0.874166424163237,0.3067463626490647,9.417673890238914,0.0,4.510458895268243e-09,44,True
prostate,raw,ENSG00000277754.1,U3,1.1282051221959755,242.2725423330825,-0.9845530013548092,0.005909730061630999,142.35897435897982,309.01125002552715,0.0,3.6965063977827564,0.0010795714759416612,-1.0,0.3067463626490647,-0.9364087954825644,0.17631711736258865,3.577687988340453,15.330375767256715,-1.0,0.3067463626490647,242.05733610403175,0.0,0.2613181956003363,282,True
skin_not_sun_exposed_suprapubic,excluded_at_or_below_-1,ENSG00000277754.1,U3,0.18421053415860467,10.234446120015818,-0.7686090451812904,0.0029335707382601942,7.710527653244862,112.13956144767697,0.0,42.09253538036198,0.0,-0.8559236017492546,-0.5359925968478327,-0.7481677632383729,0.07881093515902239,1.746636445121737,3.1855203437458135,-0.8559236017492546,-0.5359925968478327,10.157486688113465,0.0,0.0,11,True
skin_not_sun_exposed_suprapubic,raw,ENSG00000277754.1,U3,-0.4162449604827687,584.9747970833595,-0.9942490611203438,0.005882485541913437,3237.7925479246123,110.16984269688896,0.0,1.3825883127190886,0.38571479937075026,-1.0,-0.5359925968478327,-0.9957447701929678,0.03392158878626201,8.72368697298648,83.59510631405034,-1.0,-0.5359925968478327,583.1535830993365,0.0,224.93096730749474,651,True
skin_sun_exposed_lower_leg,excluded_at_or_below_-1,ENSG00000277754.1,U3,0.21639718047159667,1.2316614139340152,-0.7693816185673642,0.07649312069252011,13.608814865289176,11.711824761933913,0.0,1.1020084264825236,0.5448975753784616,-0.8289879367458226,-0.1359030203696836,-0.6239039835958805,0.20694001077723986,1.185403815670674,0.3177182868087396,-0.8289879367458226,-0.1359030203696836,1.2315950920421865,0.0,0.6710931795018007,17,True
skin_sun_exposed_lower_leg,raw,ENSG00000277754.1,U3,-0.3770824259437229,671.1885970133691,-0.9892218223850815,0.010041609762716352,4460.043245469044,120.17744677937908,0.0,1.517948349006593,0.31743096421369116,-1.0,-0.1359030203696836,-0.9915203815930105,0.06349274783115186,9.1523582873115,94.982452018503,-1.0,-0.1359030203696836,668.1157859434796,0.0,212.0806381384271,754,True
small_intestine_terminal_ileum,excluded_at_or_below_-1,ENSG00000277754.1,U3,,,,,,,,,,-0.7861376397699349,-0.7779015061929453,,,,,,,,,,2,False
small_intestine_terminal_ileum,raw,ENSG00000277754.1,U3,0.05128205128205131,293.29503479794994,-0.9974574247045762,0.000390284265276141,1.8974358974358974,795.5712932437609,0.0,9.213142281304503,3.8555303110280965e-19,-1.0,-0.7779015061929453,-0.997893908917695,0.02137808931943139,10.030978276165198,98.6581215176513,-1.0,-0.7779015061929453,287.9559840184772,0.0,1.1102230246251565e-16,207,True
spleen,excluded_at_or_below_-1,ENSG00000277754.1,U3,,,,,,,,,,-0.7584428930420495,-0.5603864361191592,,,,,,,,,,5,False
spleen,raw,ENSG00000277754.1,U3,0.12820512820528154,360.6334876201897,-0.9955885431810984,0.00203882745214984,6.358974364942741,301.87386457415096,0.0,3.0599656957412797,0.00926344099001818,-1.0,-0.5603864361191592,-0.9942837104957282,0.043152379600443144,7.7619447556107435,61.27333524852156,-1.0,-0.5603864361191592,360.6279600882169,0.0,3.340655827627829,277,True
stomach,excluded_at_or_below_-1,ENSG00000277754.1,U3,,,,,,,,,,-0.7434699577489539,-0.4469364225520288,,,,,,,,,,4,False
stomach,raw,ENSG00000277754.1,U3,0.10526315742927007,505.73342366850665,-0.9920981410836781,0.002073348578039301,5.590027700735633,371.85020608699034,0.0,5.389791261240359,5.11349834189206e-07,-1.0,-0.4469364225520288,-0.996663822970549,0.03570003616206109,12.03568164098385,158.41863376151647,-1.0,-0.4469364225520288,486.5290703266906,0.0,0.000248786559439787,407,True
testis,excluded_at_or_below_-1,ENSG00000277754.1,U3,0.6513373389481466,6.925110709507054,-0.7595800116922439,0.1731801291128709,78.47635102295857,6.866679615440501,0.0,0.6676411511388515,0.800217386623241,-0.8413372397598876,0.0812919004560426,-0.6300316745773592,0.1900300339261702,1.5110228605365847,2.1076550847229836,-0.8413372397598876,0.0812919004560426,6.925107257539944,0.0,5.5415912317142535,95,True
testis,raw,ENSG00000277754.1,U3,2.500003896876586,294.3570807164599,-0.9864968126918844,0.011214960996633126,873.2335046129217,134.64882136781912,0.0,1.7027603245463248,0.2360482223148382,-1.0,0.0812919004560426,-0.9151038866783794,0.18021982370415948,2.434513107543971,6.2590389384213285,-1.0,0.0812919004560426,292.60289780578955,0.0,69.0683938712269,414,True
thyroid,excluded_at_or_below_-1,ENSG00000277754.1,U3,1.0881046889558568,7.394920825131554,-0.6987978714651505,0.08692327394365038,87.28619167997243,10.43045179072728,0.0,2.64670668228367,0.030121525105478913,-0.8614751474534988,-0.0577002024256596,-0.6013995601712214,0.1825451391746194,1.3803969307466395,1.3574046380167673,-0.8614751474534988,-0.0577002024256596,7.394825519989485,0.0,0.22274342255099944,100,True
thyroid,raw,ENSG00000277754.1,U3,4.767445729756795,549.8710008639673,-0.988252063699954,0.01020257594561419,1491.2110321545101,128.98694111376318,0.0,1.628421188333555,0.26695569010277903,-1.0,-0.0577002024256596,-0.9417250818963774,0.15713550549367625,3.029172053488093,9.604452184689292,-1.0,-0.0577002024256596,547.0162516822086,0.0,146.02910096525946,684,True
uterus,excluded_at_or_below_-1,ENSG00000277754.1,U3,0.29907611776883386,691182231228.9473,-1.7720849088079353,0.1974966389400377,12.331547573859332,9.648039711476114,0.0,-7.403209853045373,1.0,-0.7382176752829177,-0.424724463346552,-0.5951860319210268,0.11181777372157735,0.31117934217794374,-1.3454113200991396,-0.7382176752829177,-0.424724463346552,0.8675442827900779,0.0,0.8675442827900873,14,True
uterus,raw,ENSG00000277754.1,U3,0.3589743589710369,159.98458426173912,-0.9939209095323632,0.0029382733631795237,14.974358974455463,273.9586261570584,0.0,2.925912984802062,0.013997680580736103,-1.0,-0.424724463346552,-0.9629581989993097,0.12158092748345718,3.2104053469307456,9.1055220187713,-1.0,-0.424724463346552,158.1363603177631,0.0,2.2135422599282393,153,True
vagina,excluded_at_or_below_-1,ENSG00000277754.1,U3,0.23076923077823946,1.9112406409981821,-0.3498657446889631,0.0026402399952173937,6.92307692320578,2.7755965828122946,0.0216111113301506,250.708717525256,0.0,-0.8179217729801045,-0.3446838957069517,-0.6004199441587215,0.16559907904051188,0.31983670773445333,-1.2078210416971307,-0.8179217729801045,-0.3446838957069517,1.878234179661692,0.04059072796076291,0.0,11,True
vagina,raw,ENSG00000277754.1,U3,,,,,,,,,,-1.0,-0.3446838957069517,,,,,,,,,,170,False
whole_blood,excluded_at_or_below_-1,ENSG00000277754.1,U3,,,,,,,,,,-0.9150336523786822,-0.6305212322057749,,,,,,,,,,8,False
whole_blood,raw,ENSG00000277754.1,U3,0.20512820530142128,877.7029121445455,-0.9959909744865435,0.0019347988096034747,10.358974363559383,267.1348894805184,0.0,2.9303399531199616,0.014008467419656055,-1.0,-0.6305212322057749,-0.9972473553118804,0.02912439041677494,11.152911145412029,126.99725236592832,-1.0,-0.6305212322057749,855.7303917301886,0.0,11.987471312562056,803,True
adipose_subcutaneous,excluded_at_or_below_-1,ENSG00000273744.1,U4,,,,,,,,,,-0.5307808383271817,0.1020332200749127,,,,,,,,,,6,False
adipose_subcutaneous,raw,ENSG00000273744.1,U4,0.153846153861458,762.3443280715687,-0.9874212326540004,0.0043938701005342366,9.076923090443202,350.65243791564427,0.0,4.048609306061575,0.0002771464062990933,-1.0,0.1020332200749127,-0.9949487317242917,0.05865437319317173,13.4427322189617,205.07531131664615,-1.0,0.1020332200749127,758.8046149728626,0.0,0.21029997212289603,714,True
adipose_visceral_omentum,excluded_at_or_below_-1,ENSG00000273744.1,U4,,,,,,,,,,-0.607928818188045,-0.0276970181687011,,,,,,,,,,7,False
adipose_visceral_omentum,raw,ENSG00000273744.1,U4,0.18430662700444114,536.222964806449,-0.9878671134837406,0.010990106061234631,1929.6444684660091,123.55527448176885,0.0,1.561267249508255,0.29704738656457547,-1.0,-0.0276970181687011,-0.9929991956316493,0.06704315178838212,10.496603800440507,118.8060962948937,-1.0,-0.0276970181687011,533.5943700592469,0.0,158.50281311167024,587,True
adrenal_gland,excluded_at_or_below_-1,ENSG00000273744.1,U4,,,,,,,,,,-0.6109619061912334,-0.0936773609407581,,,,,,,,,,5,False
adrenal_gland,raw,ENSG00000273744.1,U4,0.12820512820612623,331.01132145318155,-0.9901115862413081,0.003954493409912959,10.358974360837664,320.5845370781287,0.0,3.536313605389705,0.0019869516134310853,-1.0,-0.0936773609407581,-0.9913291433820693,0.07100061622319404,9.408937880901508,98.65945153014339,-1.0,-0.0936773609407581,320.7138485500885,0.0,0.637242898826297,295,True
artery_aorta,excluded_at_or_below_-1,ENSG00000273744.1,U4,,,,,,,,,,-0.4496272712141537,-0.0727118434417967,,,,,,,,,,4,False
artery_aorta,raw,ENSG00000273744.1,U4,0.10256410256410252,540.0043159189208,-0.9897400741846819,0.003516170965602184,5.589743589743589,368.8312581164517,0.0,4.12657017503127,0.00020604639588040453,-1.0,-0.0727118434417967,-0.9936581571716891,0.0697664294293459,11.209724818280574,126.78178253148886,-1.0,-0.0727118434417967,525.6815541560488,0.0,0.10831478961466229,472,True
artery_coronary,excluded_at_or_below_-1,ENSG00000273744.1,U4,,,,,,,,,,,,,,,,,,,,,0,False
artery_coronary,raw,ENSG00000273744.1,U4,0.0,268.0,-0.9875,1.0001e-06,0.0,-17675.90193946968,0.0,,,-1.0,-1.0,-1.0,0.0,,,,-1.0,2.1887266716857407e-187,0.0,,268,True
artery_tibial,excluded_at_or_below_-1,ENSG00000273744.1,U4,,,,,,,,,,-0.6677366137916496,-0.286296267949482,,,,,,,,,,2,False
artery_tibial,raw,ENSG00000273744.1,U4,1.6632665337132926,645.8698312802206,-0.9911083893785492,0.008167370562549016,1870.2502749198998,122.04109675401516,0.0,1.5396186858297682,0.3070763802317332,-1.0,-0.286296267949482,-0.9984862993947049,0.02993201702741794,21.49313836779997,483.81718210114906,-1.0,-0.286296267949482,642.9351744604272,0.0,197.4302060969659,691,True
bladder,excluded_at_or_below_-1,ENSG00000273744.1,U4,,,,,,,,,,-0.1093105113780024,-0.1093105113780024,,,,,,,,,,1,False
bladder,raw,ENSG00000273744.1,U4,0.025641025692535825,90.76124398498469,-0.9907078018640781,0.004366589551262251,0.9743589744957288,285.4593928307243,0.0,3.0094774133923994,0.010875090218519196,-1.0,-0.1093105113780024,-0.9884326040438701,0.10150348756990298,8.603090020146062,72.01315789473689,-1.0,-0.1093105113780024,90.11040325310614,0.0,0.9799587650046705,77,True
brain_amygdala,excluded_at_or_below_-1,ENSG00000273744.1,U4,,,,,,,,,,-0.4912164222274112,-0.4912164222274112,,,,,,,,,,1,False
brain_amygdala,raw,ENSG00000273744.1,U4,0.025641025641025654,205.76562759068588,-0.9943863706643975,0.0020389520166879836,0.9743589746017683,348.9977985916723,0.0,3.89360351571214,0.0005242474170737343,-1.0,-0.4912164222274112,-0.9971890410067813,0.03781758550650549,13.34187226574877,176.00555555555619,-1.0,-0.4912164222274112,200.3789727383954,0.0,0.10504815889398991,181,True
brain_anterior_cingulate_cortex_ba24,excluded_at_or_below_-1,ENSG00000273744.1,U4,,,,,,,,,,-0.7992508448256223,-0.6795014583127899,,,,,,,,,,2,False
brain_anterior_cingulate_cortex_ba24,raw,ENSG00000273744.1,U4,0.05128205559333774,265.5681771546865,-0.9961224789231276,0.000344392591871656,1.8974358975677748,1300.172396409793,0.0,15.922650558479528,0.0,-1.0,-0.6795014583127899,-0.9977628854211948,0.02472725772484036,11.444489773578445,133.78029592050615,-1.0,-0.6795014583127899,229.2189918560123,0.0,0.0,233,True
brain_caudate_basal_ganglia,excluded_at_or_below_-1,ENSG00000273744.1,U4,,,,,,,,,,-0.6810052874323401,-0.6178806050870859,,,,,,,,,,4,False
brain_caudate_basal_ganglia,raw,ENSG00000273744.1,U4,0.10256410256410255,373.8012825366454,-0.9956420554594319,0.0008657752861933555,5.58974358974359,617.0600789579371,0.0,7.118549549316993,1.0070204642690307e-11,-1.0,-0.6178806050870859,-0.9954808839034225,0.03905299834836535,8.565116442384813,71.85746303771641,-1.0,-0.6178806050870859,368.0764169169369,0.0,3.7066048425016263e-09,300,True
brain_cerebellar_hemisphere,excluded_at_or_below_-1,ENSG00000273744.1,U4,,,,,,,,,,-0.6297363806295294,-0.0734236188122562,,,,,,,,,,4,False
brain_cerebellar_hemisphere,raw,ENSG00000273744.1,U4,0.10256410256410256,292.34020278937106,-0.9893889373263234,0.003701848347897949,3.5897435897491485,349.92534927627344,0.0,4.053734063100058,0.00027112180623388394,-1.0,-0.0734236188122562,-0.9906352093164215,0.0810664393209032,9.149608536748435,86.36126197218012,-1.0,-0.0734236188122562,291.33699149759724,0.0,0.07898781135757424,277,True
brain_cerebellum,excluded_at_or_below_-1,ENSG00000273744.1,U4,,,,,,,,,,-0.6554418916616037,-0.2960931052468353,,,,,,,,,,3,False
brain_cerebellum,raw,ENSG00000273744.1,U4,0.0769230862771217,276.8302068129264,-0.9920217903904718,0.0036146059836761335,2.769230770211535,272.2818999966524,0.0,3.121472239077997,0.007695676127750031,-1.0,-0.2960931052468353,-0.9937477817685051,0.06086084196189028,10.119408917019467,103.8395081640288,-1.0,-0.2960931052468353,275.53275831482983,0.0,2.1204108705765545,266,True
brain_cortex,excluded_at_or_below_-1,ENSG00000273744.1,U4,,,,,,,,,,,,,,,,,,,,,0,False
brain_cortex,raw,ENSG00000273744.1,U4,0.0,270.0,-0.9875,1.0001e-06,0.0,-17675.90193946968,0.0,,,-1.0,-1.0,-1.0,0.0,,,,-1.0,2.2050604528177237e-187,0.0,,270,True
brain_frontal_cortex_ba9,excluded_at_or_below_-1,ENSG00000273744.1,U4,,,,,,,,,,-0.5293798423343186,-0.5293798423343186,,,,,,,,,,1,False
brain_frontal_cortex_ba9,raw,ENSG00000273744.1,U4,0.025641025653521006,281.2613097715817,-0.9946095033496007,0.002237686914783778,0.9743589750209352,294.02419609251916,0.0,3.4067828794798576,0.003025431193325017,-1.0,-0.5293798423343186,-0.9982504826852577,0.02869421744015449,16.30962082156675,264.0037313432832,-1.0,-0.5293798423343186,280.5918228779155,0.0,0.8489112535267693,269,True
brain_hippocampus,excluded_at_or_below_-1,ENSG00000273744.1,U4,,,,,,,,,,-0.3312418366831122,-0.3312418366831122,,,,,,,,,,1,False
brain_hippocampus,raw,ENSG00000273744.1,U4,0.025641025641025182,295.57758358956556,-0.9906387489420289,0.002572052202343681,0.9743589743589751,362.5618700327204,0.0,5.147177104298081,1.8160991075170235e-06,-1.0,-0.3312418366831122,-0.9973774189673847,0.04187926067305246,15.874631869995417,250.00393700787407,-1.0,-0.3312418366831122,287.4459911583576,0.0,0.0005220304080020312,255,True
brain_hypothalamus,excluded_at_or_below_-1,ENSG00000273744.1,U4,,,,,,,,,,-0.668857756472049,-0.5343180209698123,,,,,,,,,,2,False
brain_hypothalamus,raw,ENSG00000273744.1,U4,0.0512820565142376,290.6503863279575,-0.995105172957168,0.002558411422516482,1.8974359017529665,254.70940051808384,0.0,2.7057144634833112,0.025930197199812148,-1.0,-0.5343180209698123,-0.9968995166437427,0.03557805848161836,11.669781768053554,137.40959578580342,-1.0,-0.5343180209698123,288.3061160939365,0.0,7.475834444227706,257,True
brain_nucleus_accumbens_basal_ganglia,excluded_at_or_below_-1,ENSG00000273744.1,U4,,,,,,,,,,-0.5906079775982058,-0.5906079775982058,,,,,,,,,,1,False
brain_nucleus_accumbens_basal_ganglia,raw,ENSG00000273744.1,U4,0.02564102562910993,300.2746461492501,-0.9953780538603739,0.0020971684101116148,0.9743589745601782,272.9543935206827,0.0,3.116783031682791,0.007819134670411535,-1.0,-0.5906079775982058,-0.9985635367635025,0.0242502905033228,16.792960463443038,280.0035211267607,-1.0,-0.5906079775982058,298.4823183978252,0.0,2.333873444289231,285,True
brain_putamen_basal_ganglia,excluded_at_or_below_-1,ENSG00000273744.1,U4,,,,,,,,,,-0.6652818565827263,-0.6161193466774451,,,,,,,,,,3,False
brain_putamen_basal_ganglia,raw,ENSG00000273744.1,U4,0.07692307692307689,313.74326090842965,-0.9960297548200379,0.001752264191105503,4.769230801867125,306.61726377172977,0.0,3.204296822333829,0.005924448008416408,-1.0,-0.6161193466774451,-0.9956852133777478,0.039616246395517765,9.086040707887534,80.83599690154637,-1.0,-0.6161193466774451,312.14995822161694,0.0,1.8493161983133404,254,True
brain_spinal_cord_cervical_c-1,excluded_at_or_below_-1,ENSG00000273744.1,U4,,,,,,,,,,-0.0353603534218867,-0.001140179512532,,,,,,,,,,2,False
brain_spinal_cord_cervical_c-1,raw,ENSG00000273744.1,U4,0.05128205129060982,279.0100800620183,-0.9904039461585317,0.005082684661408111,1.8974358980232355,275.2541872561256,0.0,2.6700199583319137,0.0284951602795316,-1.0,-0.001140179512532,-0.9903750026124236,0.09698285642759304,9.95503935497807,97.13435839875906,-1.0,-0.001140179512532,277.2073112583655,0.0,7.899066764965157,204,True
brain_substantia_nigra,excluded_at_or_below_-1,ENSG00000273744.1,U4,,,,,,,,,,,,,,,,,,,,,0,False
brain_substantia_nigra,raw,ENSG00000273744.1,U4,0.0,183.0,-0.9875,1.0001e-06,0.0,-17675.90193946968,0.0,,,-1.0,-1.0,-1.0,0.0,,,,-1.0,1.4945409735764572e-187,0.0,,183,True
breast_mammary_tissue,excluded_at_or_below_-1,ENSG00000273744.1,U4,,,,,,,,,,-0.4755721849937537,-0.1025372809602654,,,,,,,,,,4,False
breast_mammary_tissue,raw,ENSG00000273744.1,U4,-0.3414662948352894,470.72388587248633,-0.9888080159365935,0.010403694501082502,1597.8171596338284,120.47413476121207,0.0,1.521368745563027,0.31578266913169084,-1.0,-0.1025372809602654,-0.9945023394205963,0.0632333336658357,11.781379957872298,140.95577367429956,-1.0,-0.1025372809602654,468.572725651982,0.0,147.9671459886946,514,True
cells_cultured_fibroblasts,excluded_at_or_below_-1,ENSG00000273744.1,U4,,,,,,,,,,-0.525291927622396,-0.4490540364241416,,,,,,,,,,4,False
cells_cultured_fibroblasts,raw,ENSG00000273744.1,U4,-0.558694588159304,592.9477941656766,-0.9931425108702367,0.006660336902987318,3172.8510359906704,115.52828496519977,0.0,1.4560756118489333,0.3478028749395308,-1.0,-0.4490540364241416,-0.9968778855670875,0.039850644695449085,12.728649909219335,160.6948978766728,-1.0,-0.4490540364241416,590.6051419671307,0.0,205.41416633023783,652,True
cells_ebv-transformed_lymphocytes,excluded_at_or_below_-1,ENSG00000273744.1,U4,,,,,,,,,,-0.5592805649185641,-0.4299461334348022,,,,,,,,,,2,False
cells_ebv-transformed_lymphocytes,raw,ENSG00000273744.1,U4,0.04521622062890328,304.2726443898908,-0.9928952024548667,0.006591265275154842,437.86410799480905,120.78564207306617,0.0,1.5243963983844373,0.3143105926249423,-1.0,-0.4299461334348022,-0.9969089501478696,0.03978742134750846,12.977107477537935,168.9018687560818,-1.0,-0.4299461334348022,302.90087288372035,0.0,95.20495286269468,327,True
cervix_ectocervix,excluded_at_or_below_-1,ENSG00000273744.1,U4,,,,,,,,,,,,,,,,,,,,,0,False
cervix_ectocervix,raw,ENSG00000273744.1,U4,0.0,24.0,-0.9875,1.0001e-06,0.0,-17675.90193946968,0.0,,,-1.0,-1.0,-1.0,0.0,,,,-1.0,1.9600537358379766e-188,0.0,,24,True
cervix_endocervix,excluded_at_or_below_-1,ENSG00000273744.1,U4,,,,,,,,,,,,,,,,,,,,,0,False
cervix_endocervix,raw,ENSG00000273744.1,U4,0.0,23.0,-0.9875,1.0001e-06,0.0,-17675.90193946968,0.0,,,-1.0,-1.0,-1.0,0.0,,,,-1.0,1.878384830178061e-188,0.0,,23,True
colon_sigmoid,excluded_at_or_below_-1,ENSG00000273744.1,U4,,,,,,,,,,-0.426046766425775,-0.1936412935954805,,,,,,,,,,3,False
colon_sigmoid,raw,ENSG00000273744.1,U4,0.03678089521992791,386.19237538717186,-0.9899422726217982,0.009222142443833962,899.8337077250916,122.11258404742415,0.0,1.5423503325319394,0.30584142500709804,-1.0,-0.1936412935954805,-0.9952221237388159,0.056966390378040466,12.102490514603288,147.8758486251976,-1.0,-0.1936412935954805,384.36855974976817,0.0,117.55582804179501,419,True
colon_transverse,excluded_at_or_below_-1,ENSG00000273744.1,U4,,,,,,,,,,-0.7803674130456864,0.035095997896732,,,,,,,,,,6,False
colon_transverse,raw,ENSG00000273744.1,U4,0.15384615385770795,538.4269207603387,-0.9887300184321626,0.004630297197596741,5.076923080394417,312.7031756307667,0.0,3.4421463894807878,0.0027605102067357044,-1.0,0.035095997896732,-0.992083466524198,0.07765097721784481,10.749559225777261,120.2088530826595,-1.0,0.035095997896732,521.5502643670361,0.0,1.439744828110907,479,True
esophagus_gastroesophageal_junction,excluded_at_or_below_-1,ENSG00000273744.1,U4,,,,,,,,,,-0.4003660859852597,-0.4003660859852597,,,,,,,,,,1,False
esophagus_gastroesophageal_junction,raw,ENSG00000273744.1,U4,0.025641025641025657,413.61909445039,-0.9928467326872109,0.0020247305467581233,0.9743589743589743,413.82996238737417,0.0,4.99634268136285,3.8151503038661e-06,-1.0,-0.4003660859852597,-0.9985120746550503,0.029869892841353444,20.000062188958058,398.0024875621891,-1.0,-0.4003660859852597,411.47813739955905,0.0,0.001569850940934172,403,True
esophagus_mucosa,excluded_at_or_below_-1,ENSG00000273744.1,U4,,,,,,,,,,-0.4906669673872299,-0.225452012798339,,,,,,,,,,7,False
esophagus_mucosa,raw,ENSG00000273744.1,U4,0.17948717934641378,690.8379667393805,-0.9917051174740227,0.003851612573404882,7.743589745004545,281.3485292693611,0.0,3.0456685720492063,0.009866124017798794,-1.0,-0.225452012798339,-0.9931205930348297,0.06464201456430249,9.456437839226131,89.28455077847707,-1.0,-0.225452012798339,677.5646590719102,0.0,6.6849369564810734,614,True
esophagus_muscularis,excluded_at_or_below_-1,ENSG00000273744.1,U4,,,,,,,,,,0.0949926950320547,0.0949926950320547,,,,,,,,,,1,False
esophagus_muscularis,raw,ENSG00000273744.1,U4,0.8467840405595016,531.6615558740806,-0.986316736276978,0.010184529262520003,783.8710228479556,150.14954775639728,0.0,1.900044335464685,0.16571286882308145,-1.0,0.0949926950320547,-0.9980481413635792,0.046230627819833635,23.62206141966203,556.0017857142856,-1.0,0.0949926950320547,527.6438710774087,0.0,87.43737959315352,561,True
fallopian_tube,excluded_at_or_below_-1,ENSG00000273744.1,U4,,,,,,,,,,,,,,,,,,,,,0,False
fallopian_tube,raw,ENSG00000273744.1,U4,0.0,29.0,-0.9875,1.0001e-06,0.0,-17675.90193946968,0.0,,,-1.0,-1.0,-1.0,0.0,,,,-1.0,2.368398264137555e-188,0.0,,29,True
heart_atrial_appendage,excluded_at_or_below_-1,ENSG00000273744.1,U4,,,,,,,,,,-0.6961058860136442,-0.5556106866390522,,,,,,,,,,2,False
heart_atrial_appendage,raw,ENSG00000273744.1,U4,0.05128205128205129,503.59490937715276,-0.9948815385383201,0.0014323092845786435,1.8974358974358976,433.7211264352581,0.0,5.053795081501275,2.851401987246866e-06,-1.0,-0.5556106866390522,-0.9983768255372076,0.02504860057684235,15.843536083024082,255.89042673388235,-1.0,-0.5556106866390522,502.22568483068187,0.0,0.001432047315772636,461,True
heart_left_ventricle,excluded_at_or_below_-1,ENSG00000273744.1,U4,,,,,,,,,,-0.6029900539307702,0.1390765150461117,,,,,,,,,,3,False
heart_left_ventricle,raw,ENSG00000273744.1,U4,0.07692307692307696,504.1011612334809,-0.9872563042471696,0.0043901785657381506,2.7692307706402914,362.82696134995643,0.0,4.105142216551086,0.0002227692802568454,-1.0,0.1390765150461117,-0.9955432487616607,0.060941749340085956,15.96227481081978,275.9620126330178,-1.0,0.1390765150461117,495.7414870449001,0.0,0.11043597426245061,452,True
kidney_cortex,excluded_at_or_below_-1,ENSG00000273744.1,U4,,,,,,,,,,-0.6201650337229274,-0.6201650337229274,,,,,,,,,,1,False
kidney_cortex,raw,ENSG00000273744.1,U4,0.0256410257077891,139.01151624289696,-0.9964197600058851,0.002131640240709439,0.9743589746617899,249.62211101777834,0.0,2.3752713330945316,0.06021282319242224,-1.0,-0.6201650337229274,-0.9963477407088743,0.03724588278830097,10.050358637275794,99.00970873786412,-1.0,-0.6201650337229274,137.47880598931818,0.0,8.277987037740042,104,True
kidney_medulla,excluded_at_or_below_-1,ENSG00000273744.1,U4,,,,,,,,,,,,,,,,,,,,,0,False
kidney_medulla,raw,ENSG00000273744.1,U4,0.0,11.0,-0.9875,1.0001e-06,0.0,-17675.90193946968,0.0,,,-1.0,-1.0,-1.0,0.0,,,,-1.0,8.983579622590726e-189,0.0,,11,True
liver,excluded_at_or_below_-1,ENSG00000273744.1,U4,,,,,,,,,,,,,,,,,,,,,0,False
liver,raw,ENSG00000273744.1,U4,0.0,262.0,-0.9875,1.0001e-06,0.0,-17675.90193946968,0.0,,,-1.0,-1.0,-1.0,0.0,,,,-1.0,2.1397253282897912e-187,0.0,,262,True
lung,excluded_at_or_below_-1,ENSG00000273744.1,U4,,,,,,,,,,-0.5752111724577358,0.1095410939531917,,,,,,,,,,8,False
lung,raw,ENSG00000273744.1,U4,0.21052631499223334,660.7435230832974,-0.9877236393714061,0.0049518153156927,6.360110803741358,313.3732921063656,0.0,3.5060668847081486,0.002183465616745928,-1.0,0.1095410939531917,-0.9900103762773178,0.08991098438623644,9.551396039092438,94.85999892058449,-1.0,0.1095410939531917,648.0417887324412,0.0,1.414976963911823,604,True
minor_salivary_gland,excluded_at_or_below_-1,ENSG00000273744.1,U4,,,,,,,,,,-0.6611557457476673,-0.4125610758377531,,,,,,,,,,5,False
minor_salivary_gland,raw,ENSG00000273744.1,U4,0.12820512885577035,191.52478719715145,-0.9934751485132193,0.002801863454132366,4.358974359818625,293.2107768989884,0.0,3.293355874093928,0.00447894682804143,-1.0,-0.4125610758377531,-0.9878146278869363,0.0741378169564892,6.178297431724227,37.861424168573144,-1.0,-0.4125610758377531,188.72447058619426,0.0,0.8452868689058404,181,True
muscle_skeletal,excluded_at_or_below_-1,ENSG00000273744.1,U4,,,,,,,,,,-0.7869177940833986,-0.4451754250721201,,,,,,,,,,3,False
muscle_skeletal,raw,ENSG00000273744.1,U4,1.7168546366883417,755.0845621444473,-0.9930769603993056,0.0062094085562894655,3538.516411724885,124.78640680196625,0.0,1.5767454190514263,0.2899466584985381,-1.0,-0.4451754250721201,-0.9985402008489934,0.02554534245574177,18.77531803315413,366.2812305122864,-1.0,-0.4451754250721201,751.3149940874822,0.0,217.8412720155144,818,True
nerve_tibial,excluded_at_or_below_-1,ENSG00000273744.1,U4,,,,,,,,,,-0.4236075048769329,0.9713835266298164,,,,,,,,,,6,False
nerve_tibial,raw,ENSG00000273744.1,U4,0.15848898440664014,623.5503459926377,-0.9753812131418681,0.021317285707275403,1640.2168450043516,129.15064026163625,0.0,1.6332389940272904,0.264944497280838,-1.0,0.9713835266298164,-0.9920171592224574,0.09606021325907983,15.454322819890665,278.262460207913,-1.0,0.9713835266298164,620.1303033136659,0.0,164.30011146005268,670,True
ovary,excluded_at_or_below_-1,ENSG00000273744.1,U4,,,,,,,,,,,,,,,,,,,,,0,False
ovary,raw,ENSG00000273744.1,U4,0.0,193.0,-0.9875,1.0001e-06,0.0,-17675.90193946968,0.0,,,-1.0,-1.0,-1.0,0.0,,,,-1.0,1.576209879236373e-187,0.0,,193,True
pancreas,excluded_at_or_below_-1,ENSG00000273744.1,U4,,,,,,,,,,-0.6163836195740744,0.0316563258536233,,,,,,,,,,3,False
pancreas,raw,ENSG00000273744.1,U4,0.0769230769540877,390.12458964427157,-0.9884516587670157,0.0046667070402914845,2.7692307703661108,309.136728421136,0.0,3.4996456074044047,0.0022162869766493617,-1.0,0.0316563258536233,-0.9948990357551004,0.06200831888794247,14.11703377055687,215.7074238986069,-1.0,0.0316563258536233,385.5336492196407,0.0,0.8544532058255973,362,True
pituitary,excluded_at_or_below_-1,ENSG00000273744.1,U4,,,,,,,,,,-0.4545781798590513,-0.3537792674694457,,,,,,,,,,2,False
pituitary,raw,ENSG00000273744.1,U4,0.05128205128206724,356.22556456106395,-0.9929530359273308,0.002795790669101093,1.8974358994457645,323.31755809060417,0.0,3.564613143347166,0.0017988202337845822,-1.0,-0.3537792674694457,-0.9961928352949792,0.047722133013866214,12.523645784375349,155.93595235634842,-1.0,-0.3537792674694457,344.7966980434256,0.0,0.6202272769826255,313,True
prostate,excluded_at_or_below_-1,ENSG00000273744.1,U4,,,,,,,,,,-0.5675568493077086,-0.5675568493077086,,,,,,,,,,1,False
prostate,raw,ENSG00000273744.1,U4,0.025641025641026112,296.9151743249788,-0.9949922949311857,0.0016935528616978284,0.9743589758429032,356.9330594344117,0.0,4.181720325861061,0.00015962898562605596,-1.0,-0.5675568493077086,-0.9984665136500274,0.025751614876077213,16.70339961561302,277.00355871886114,-1.0,-0.5675568493077086,296.69726911426363,0.0,0.04736148410673101,282,True
skin_not_sun_exposed_suprapubic,excluded_at_or_below_-1,ENSG00000273744.1,U4,,,,,,,,,,-0.6621222441251222,0.0497283380028046,,,,,,,,,,9,False
skin_not_sun_exposed_suprapubic,raw,ENSG00000273744.1,U4,-0.29904804814724356,589.25193067685,-0.9869097585536537,0.012200431878087113,2863.391642253383,120.16194755005917,0.0,1.5173558750335026,0.3177042336390837,-1.0,0.0497283380028046,-0.991694534010689,0.07414179890633037,9.81275468808327,104.07658820917521,-1.0,0.0497283380028046,586.5769165183553,0.0,186.3579697328406,651,True
skin_sun_exposed_lower_leg,excluded_at_or_below_-1,ENSG00000273744.1,U4,,,,,,,,,,-0.5650435757266022,-0.0563651785692743,,,,,,,,,,7,False
skin_sun_exposed_lower_leg,raw,ENSG00000273744.1,U4,0.045521281643924494,732.1399732819767,-0.9882442782402034,0.010370977419935744,245.18783124014305,127.07346741622958,0.0,1.6030409164936619,0.2780542683349259,-1.0,-0.0563651785692743,-0.9943120761870002,0.0607133191068646,11.314201196162516,134.84435120846217,-1.0,-0.0563651785692743,728.5385932401725,0.0,202.57326549715233,754,True
small_intestine_terminal_ileum,excluded_at_or_below_-1,ENSG00000273744.1,U4,,,,,,,,,,-0.6246235388395924,-0.6246235388395924,,,,,,,,,,1,False
small_intestine_terminal_ileum,raw,ENSG00000273744.1,U4,0.012642556864690487,195.95470253248092,-0.9953433934127008,0.004560632702711062,109.50640743247983,114.9570860785644,0.0,1.4439742508708833,0.3537982607506146,-1.0,-0.6246235388395924,-0.9981865871441525,0.026090467616560215,14.283026792978163,202.00485436893206,-1.0,-0.6246235388395924,195.26959019327776,0.0,69.08604138786693,207,True
spleen,excluded_at_or_below_-1,ENSG00000273744.1,U4,,,,,,,,,,,,,,,,,,,,,0,False
spleen,raw,ENSG00000273744.1,U4,0.0,277.0,-0.9875,1.0001e-06,0.0,-17675.90193946968,0.0,,,-1.0,-1.0,-1.0,0.0,,,,-1.0,2.2622286867796648e-187,0.0,,277,True
stomach,excluded_at_or_below_-1,ENSG00000273744.1,U4,,,,,,,,,,-0.3566064701407879,-0.3566064701407879,,,,,,,,,,1,False
stomach,raw,ENSG00000273744.1,U4,0.026315789462037893,411.54810049752,-0.9924550207546003,0.004259625647088335,0.9743824199678622,211.1043829656708,0.0,2.5049647224190736,0.04339607295473524,-1.0,-0.3566064701407879,-0.9984191805163164,0.03189183324422395,20.09981251291134,402.00246305418705,-1.0,-0.3566064701407879,411.53254287481917,0.0,17.858896253843362,407,True
testis,excluded_at_or_below_-1,ENSG00000273744.1,U4,,,,,,,,,,-0.4720869202377618,-0.0344713142903978,,,,,,,,,,6,False
testis,raw,ENSG00000273744.1,U4,0.15384606687956134,463.7861952273553,-0.9896904085425516,0.004907777069355855,11.076923081649962,275.25370020656686,0.0,2.9707877630967987,0.012328018046341913,-1.0,-0.0344713142903978,-0.9905038071325588,0.08127836151624596,9.07975658497425,86.11961520103478,-1.0,-0.0344713142903978,456.00985007209334,0.0,5.621697660998434,414,True
thyroid,excluded_at_or_below_-1,ENSG00000273744.1,U4,0.15090726550116065,1.2345516138780677,-0.4134501257173294,0.03564410354129075,10.083066796601235,10.266496932802406,0.0,10.489458344039134,0.0,-0.6778283987410952,-0.1546914138682549,-0.4034927391709789,0.12698799853754278,-0.229905048669031,0.7978110302075803,-0.6778283987410952,-0.1546914138682549,1.23449235836995,0.0,0.0,12,True
thyroid,raw,ENSG00000273744.1,U4,0.3076923074692787,963.3984155356208,-0.9923171357916101,0.004801377731107144,16.30769231679457,246.71703050187062,0.0,2.262936050830296,0.07859918300983827,-1.0,-0.1546914138682549,-0.989534960336333,0.0800103100094063,7.784930727587358,60.66319616742838,-1.0,-0.1546914138682549,947.1156785254406,0.0,74.44251854790778,684,True
uterus,excluded_at_or_below_-1,ENSG00000273744.1,U4,,,,,,,,,,-0.2341572286986079,-0.2341572286986079,,,,,,,,,,1,False
uterus,raw,ENSG00000273744.1,U4,0.025641025641025633,160.80682056286292,-0.9910348518165152,0.0025575796326424887,0.9743589743590099,418.5154534422587,0.0,4.957278353311577,4.610067395255979e-06,-1.0,-0.2341572286986079,-0.9949944916908406,0.06191471840571352,12.247717295372572,148.00657894736847,-1.0,-0.2341572286986079,160.80099071301137,0.0,0.0007413034044109132,153,True
vagina,excluded_at_or_below_-1,ENSG00000273744.1,U4,,,,,,,,,,-0.4647383115480245,-0.3475704109150773,,,,,,,,,,3,False
vagina,raw,ENSG00000273744.1,U4,0.07692307692248256,197.49436663349547,-0.9931705851222636,0.003233296355796492,2.769230769234695,282.37947338091215,0.0,2.9871221442020937,0.011641621772164202,-1.0,-0.3475704109150773,-0.9896194063359537,0.07794668681151987,7.406271959587443,53.261148288287494,-1.0,-0.3475704109150773,195.8657013627639,0.0,2.2801944134049625,170,True
whole_blood,excluded_at_or_below_-1,ENSG00000273744.1,U4,,,,,,,,,,-0.3578585197046348,-0.1491429822143837,,,,,,,,,,3,False
whole_blood,raw,ENSG00000273744.1,U4,0.07692307692307694,860.2150390746818,-0.9901496261340668,0.0029133252002858747,2.7692307692307687,408.2493096755515,0.0,4.781660596723525,1.085241426250608e-05,-1.0,-0.1491429822143837,-0.9971597882240928,0.04671614945521825,16.576596861599935,275.7998224455778,-1.0,-0.1491429822143837,859.341469130443,0.0,0.009325929615954145,803,True
adipose_subcutaneous,excluded_at_or_below_-1,ENSG00000274197.1,U4,0.13805003491206844,3.2260704972736987,-0.9530893601423028,0.3118470823208532,6.639598695878053,4.093797284818909,0.0,-1.8685239914007052,1.0,-0.5410626546516227,-0.0503694507521204,-0.3605641386444866,0.1613983902309914,0.7771499294423001,-0.646207361706352,-0.5410626546516227,-0.0503694507521204,0.562287488481014,0.0,0.5622874884810138,10,True
adipose_subcutaneous,raw,ENSG00000274197.1,U4,0.25641025641025644,794.0435776598903,-0.9895464296573682,0.004077696958729292,7.435897440109232,325.72229728672374,0.0,3.625473178462569,0.0014342843589894919,-1.0,-0.0503694507521204,-0.9910443156672897,0.07735060082072204,9.028297090329055,84.200293472564,-1.0,-0.0503694507521204,774.4861043655293,0.0,1.1108333057461806,714,True
adipose_visceral_omentum,excluded_at_or_below_-1,ENSG00000274197.1,U4,,,,,,,,,,-0.3168829854962663,0.1842866428984435,,,,,,,,,,2,False
adipose_visceral_omentum,raw,ENSG00000274197.1,U4,1.8197767470769413,539.7517253330255,-0.9852238474423242,0.01316150148750032,2033.959514163262,125.66481099047034,0.0,1.587709074576708,0.28497663732771916,-1.0,0.1842866428984435,-0.9968187331219724,0.056387902610705434,18.68998189781906,362.182333868477,-1.0,0.1842866428984435,537.0264183850315,0.0,153.0399828675151,587,True
adrenal_gland,excluded_at_or_below_-1,ENSG00000274197.1,U4,,,,,,,,,,,,,,,,,,,,,0,False
adrenal_gland,raw,ENSG00000274197.1,U4,0.0,295.0,-0.9875,1.0001e-06,0.0,-17675.90193946968,0.0,,,-1.0,-1.0,-1.0,0.0,,,,-1.0,2.409232716967513e-187,0.0,,295,True
artery_aorta,excluded_at_or_below_-1,ENSG00000274197.1,U4,,,,,,,,,,-0.3927269808772761,-0.0485397707276484,,,,,,,,,,7,False
artery_aorta,raw,ENSG00000274197.1,U4,0.1794871796564443,606.952879424166,-0.9904673184715613,0.004570084323288211,9.743589750752284,291.47967927073745,0.0,2.949890319223208,0.012894863605539942,-1.0,-0.0485397707276484,-0.9885681037216676,0.09462503640418066,8.379514452120786,70.08413890593394,-1.0,-0.0485397707276484,606.9527393971557,0.0,7.8265727895351525,472,True
artery_coronary,excluded_at_or_below_-1,ENSG00000274197.1,U4,,,,,,,,,,-0.3536492977250737,-0.2575418586090126,,,,,,,,,,2,False
artery_coronary,raw,ENSG00000274197.1,U4,0.05128205118008806,304.7911778651817,-0.9922124815823881,0.0040442237988668845,1.897435898184881,256.9049613864449,0.0,2.7231960225601632,0.02471400110507524,-1.0,-0.2575418586090126,-0.9948178774490077,0.06001923363449568,11.529239105870564,131.55927011699632,-1.0,-0.2575418586090126,302.5098806743039,0.0,7.476229525280886,268,True
artery_tibial,excluded_at_or_below_-1,ENSG00000274197.1,U4,,,,,,,,,,-0.331299011848178,0.3519561770853063,,,,,,,,,,5,False
artery_tibial,raw,ENSG00000274197.1,U4,0.12820512820512844,824.5791644491444,-0.9854773857746867,0.005538287293115751,4.358974358974359,341.5165344926502,0.0,3.7083807523094685,0.0010650838262474826,-1.0,0.3519561770853063,-0.9938013908668917,0.07580118859262762,13.338631139785429,192.43485761257168,-1.0,0.3519561770853063,799.1359034794464,0.0,0.8511467257696332,691,True
bladder,excluded_at_or_below_-1,ENSG00000274197.1,U4,,,,,,,,,,-0.5692587040466037,-0.5692587040466037,,,,,,,,,,1,False
bladder,raw,ENSG00000274197.1,U4,0.025641025641025623,85.50832584470992,-0.9952117626984681,0.001733506949099078,0.9743589744307846,347.4970739476048,0.0,3.9062953484016143,0.0004957094116308532,-1.0,-0.5692587040466037,-0.9944059571954105,0.04908752639182054,8.603090020146084,72.01315789473702,-1.0,-0.5692587040466037,83.81087242402883,0.0,0.04154583825758452,77,True
brain_amygdala,excluded_at_or_below_-1,ENSG00000274197.1,U4,,,,,,,,,,-0.5299442436137263,-0.386950268849237,,,,,,,,,,2,False
brain_amygdala,raw,ENSG00000274197.1,U4,0.051282051282051266,249.84886830018584,-0.9938955428843169,0.0026979727723570814,1.8974358977204187,318.14636787782257,0.0,3.1998121450210784,0.005980697322800936,-1.0,-0.386950268849237,-0.9940159917815633,0.057266485973572076,9.600040138085314,91.63837428228342,-1.0,-0.386950268849237,249.80370643829278,0.0,1.4940003583212502,181,True
brain_anterior_cingulate_cortex_ba24,excluded_at_or_below_-1,ENSG00000274197.1,U4,,,,,,,,,,,,,,,,,,,,,0,False
brain_anterior_cingulate_cortex_ba24,raw,ENSG00000274197.1,U4,0.0,233.0,-0.9875,1.0001e-06,0.0,-17675.90193946968,0.0,,,-1.0,-1.0,-1.0,0.0,,,,-1.0,1.9028855018760357e-187,0.0,,233,True
brain_caudate_basal_ganglia,excluded_at_or_below_-1,ENSG00000274197.1,U4,,,,,,,,,,-0.7908623461845387,-0.6468167502208814,,,,,,,,,,2,False
brain_caudate_basal_ganglia,raw,ENSG00000274197.1,U4,0.052631688761877876,283.9466682778866,-0.9955846259245685,0.0035221418965865306,198.25405083568668,140.0375891778302,0.0,1.7728649451850809,0.20912191512375122,-1.0,-0.6468167502208814,-0.9981255969880181,0.023663114274452744,13.213050903171835,179.77317519415257,-1.0,-0.6468167502208814,282.05419885001766,0.0,58.98371423221074,300,True
brain_cerebellar_hemisphere,excluded_at_or_below_-1,ENSG00000274197.1,U4,,,,,,,,,,-0.6510367852856858,-0.6510367852856858,,,,,,,,,,1,False
brain_cerebellar_hemisphere,raw,ENSG00000274197.1,U4,0.02564102564102564,276.8131500649757,-0.995704937887883,0.0012158211199195606,0.9743589743589743,400.9096140395684,0.0,4.995911808632622,3.926728073748045e-06,-1.0,-0.6510367852856858,-0.9987402050010313,0.02096716749399198,16.553054799293264,272.00362318840564,-1.0,-0.6510367852856858,268.1319902790618,0.0,0.0010528814136987266,277,True
brain_cerebellum,excluded_at_or_below_-1,ENSG00000274197.1,U4,0.23076923076923078,1.950599462859973,0.025008278220433208,0.002542896379471683,6.9230769230776,3.8503108632853755,0.0006116995376098435,339.5181596152991,0.0,-0.5854790780186488,0.0319315193875306,-0.333561183300431,0.2174860905757304,0.6424357956702964,-0.9410781226819918,-0.5854790780186488,0.0319315193875306,1.9250640075136838,0.0011775607632654728,0.0,11,True
brain_cerebellum,raw,ENSG00000274197.1,U4,0.28205128205088653,271.6793895711093,-0.9883458100202677,0.004903301367904027,9.897435897446112,294.2690910404086,0.0,3.36130951193309,0.0035444411300686396,-1.0,0.0319315193875306,-0.972440500061296,0.1394939064142093,5.33841547732978,28.952801111486664,-1.0,0.0319315193875306,269.83121134969224,0.0,0.9564008436840965,266,True
brain_cortex,excluded_at_or_below_-1,ENSG00000274197.1,U4,,,,,,,,,,-0.5751563621442087,-0.5751563621442087,,,,,,,,,,1,False
brain_cortex,raw,ENSG00000274197.1,U4,0.025641025633791132,312.51675185745256,-0.9955327232244922,0.002177005514252131,0.9743589743735428,273.08242778843675,0.0,2.90200615544511,0.01497520782217898,-1.0,-0.5751563621442087,-0.9984265050449784,0.025855160429574732,16.34024839077176,265.0037174721187,-1.0,-0.5751563621442087,309.57409560793405,0.0,4.635936418091916,270,True
brain_frontal_cortex_ba9,excluded_at_or_below_-1,ENSG00000274197.1,U4,,,,,,,,,,-0.4662343398275491,-0.4662343398275491,,,,,,,,,,1,False
brain_frontal_cortex_ba9,raw,ENSG00000274197.1,U4,0.02564102565348864,281.2602074806744,-0.9938863258817328,0.0025384542014838854,0.9743589748741361,293.9633870308623,0.0,3.4060259385137015,0.0030332500223179603,-1.0,-0.4662343398275491,-0.9980157410402511,0.03254426667791834,16.309620821566746,264.00373134328345,-1.0,-0.4662343398275491,280.5899971297178,0.0,0.8510996150559129,269,True
brain_hippocampus,excluded_at_or_below_-1,ENSG00000274197.1,U4,,,,,,,,,,-0.7418139737405598,-0.6264675986461703,,,,,,,,,,2,False
brain_hippocampus,raw,ENSG00000274197.1,U4,0.05128205769409923,289.4843356498808,-0.9960942734962445,0.00207844607622196,1.8974359038006574,251.50089894948132,0.0,2.6575293223732306,0.029452031736982836,-1.0,-0.6264675986461703,-0.9975226728328892,0.02838303154182727,11.697597845865682,138.48803160379052,-1.0,-0.6264675986461703,287.68396087211454,0.0,8.47287714582637,255,True
brain_hypothalamus,excluded_at_or_below_-1,ENSG00000274197.1,U4,,,,,,,,,,-0.5989637709216493,-0.5072382278977976,,,,,,,,,,2,False
brain_hypothalamus,raw,ENSG00000274197.1,U4,0.0526315789230946,290.12326387828506,-0.9949544555431709,0.0030985841816735566,1.8975071354435873,222.59679365980705,0.0,2.30281863652662,0.07063472233514245,-1.0,-0.5072382278977976,-0.9965221867658343,0.03955493403964791,11.380906149132976,128.82890624232584,-1.0,-0.5072382278977976,289.7598515370413,0.0,20.46710665719096,257,True
brain_nucleus_accumbens_basal_ganglia,excluded_at_or_below_-1,ENSG00000274197.1,U4,,,,,,,,,,,,,,,,,,,,,0,False
brain_nucleus_accumbens_basal_ganglia,raw,ENSG00000274197.1,U4,0.0,285.0,-0.9875,1.0001e-06,0.0,-17675.90193946968,0.0,,,-1.0,-1.0,-1.0,0.0,,,,-1.0,2.3275638113075975e-187,0.0,,285,True
brain_putamen_basal_ganglia,excluded_at_or_below_-1,ENSG00000274197.1,U4,,,,,,,,,,-0.648684891829032,-0.5072290004927389,,,,,,,,,,2,False
brain_putamen_basal_ganglia,raw,ENSG00000274197.1,U4,0.051282058033251185,287.69096341709684,-0.9948343482763353,0.002729026197213304,1.8974359016716345,252.68284218940886,0.0,2.676901648493672,0.027992579409727054,-1.0,-0.5072290004927389,-0.9966768263477235,0.03790150113681532,11.5934002836187,135.55487071109243,-1.0,-0.5072290004927389,285.65976434362705,0.0,7.996353637552843,254,True
brain_spinal_cord_cervical_c-1,excluded_at_or_below_-1,ENSG00000274197.1,U4,,,,,,,,,,-0.6818983857681533,-0.3702899483580788,,,,,,,,,,2,False
brain_spinal_cord_cervical_c-1,raw,ENSG00000274197.1,U4,0.051282051282051745,233.87231070097377,-0.9931577341304478,0.0026863070053377357,1.8974358974358978,327.9104244058049,0.0,3.602129306462786,0.0015794432870791905,-1.0,-0.3702899483580788,-0.9953538643829718,0.04929651535845448,11.335612856014821,133.05149083691103,-1.0,-0.3702899483580788,225.3805618447397,0.0,0.35597581544381013,204,True
brain_substantia_nigra,excluded_at_or_below_-1,ENSG00000274197.1,U4,,,,,,,,,,,,,,,,,,,,,0,False
brain_substantia_nigra,raw,ENSG00000274197.1,U4,0.0,183.0,-0.9875,1.0001e-06,0.0,-17675.90193946968,0.0,,,-1.0,-1.0,-1.0,0.0,,,,-1.0,1.4945409735764572e-187,0.0,,183,True
breast_mammary_tissue,excluded_at_or_below_-1,ENSG00000274197.1,U4,,,,,,,,,,-0.6302331431961379,0.0247380993754215,,,,,,,,,,7,False
breast_mammary_tissue,raw,ENSG00000274197.1,U4,0.18421052627362522,576.2787291971605,-0.9893898603755596,0.006136003863002772,5.744460085955328,233.73412838103127,0.0,2.4454031794257887,0.050447347947377506,-1.0,0.0247380993754215,-0.9912048360773268,0.07795321252574854,9.456629183926161,94.36409753628803,-1.0,0.0247380993754215,574.4529490850106,0.0,28.979627801888665,514,True
cells_cultured_fibroblasts,excluded_at_or_below_-1,ENSG00000274197.1,U4,,,,,,,,,,-0.5149349224362305,-0.0407387719712252,,,,,,,,,,4,False
cells_cultured_fibroblasts,raw,ENSG00000274197.1,U4,0.10256410256458667,696.35679157164,-0.989154620353793,0.004264757450741436,3.5897435914897247,314.49914116898526,0.0,3.596378730069335,0.001565331260619441,-1.0,-0.0407387719712252,-0.9956726550014936,0.05731585127574926,14.036910207190427,204.68220533984663,-1.0,-0.0407387719712252,691.2834793817949,0.0,1.0820876402260984,652,True
cells_ebv-transformed_lymphocytes,excluded_at_or_below_-1,ENSG00000274197.1,U4,,,,,,,,,,-0.5552894727571058,-0.5552894727571058,,,,,,,,,,1,False
cells_ebv-transformed_lymphocytes,raw,ENSG00000274197.1,U4,0.02564102564102891,369.27687185340204,-0.9951025431156326,0.0018728290319149497,0.9743589788104843,332.11232761273595,0.0,3.6981752359574407,0.0010997448221749908,-1.0,-0.5552894727571058,-0.9986400289686762,0.02459254835056924,18.0000852077056,322.00306748466227,-1.0,-0.5552894727571058,359.9531056620067,0.0,0.39585656417759874,327,True
cervix_ectocervix,excluded_at_or_below_-1,ENSG00000274197.1,U4,,,,,,,,,,,,,,,,,,,,,0,False
cervix_ectocervix,raw,ENSG00000274197.1,U4,0.0,24.0,-0.9875,1.0001e-06,0.0,-17675.90193946968,0.0,,,-1.0,-1.0,-1.0,0.0,,,,-1.0,1.9600537358379766e-188,0.0,,24,True
cervix_endocervix,excluded_at_or_below_-1,ENSG00000274197.1,U4,,,,,,,,,,-0.3471014636825711,0.00393319109526,,,,,,,,,,2,False
cervix_endocervix,raw,ENSG00000274197.1,U4,0.051282051282051294,24.640517292435486,-0.9882956894071776,0.0020970216381842985,1.8974358974358976,669.1507203520315,0.0,7.893287545153395,2.957597842955922e-14,-1.0,0.00393319109526,-0.9279638379385788,0.2444666320494985,3.1728565730854563,8.556160565431163,-1.0,0.00393319109526,24.636188209187484,0.0,7.286393710614902e-13,23,True
colon_sigmoid,excluded_at_or_below_-1,ENSG00000274197.1,U4,,,,,,,,,,-0.4914080710125531,-0.1332747682102784,,,,,,,,,,2,False
colon_sigmoid,raw,ENSG00000274197.1,U4,0.051282051282051114,460.54459468747905,-0.9903209261500576,0.003662554979534626,1.8974358974358982,330.9291756467217,0.0,3.737357551295693,0.0009407325973618587,-1.0,-0.1332747682102784,-0.9967176201413432,0.04904260583748488,15.69107956007758,254.43718849813405,-1.0,-0.1332747682102784,453.65662757409245,0.0,0.42676957756819733,419,True
colon_transverse,excluded_at_or_below_-1,ENSG00000274197.1,U4,,,,,,,,,,-0.5214070977309725,-0.3277665775218914,,,,,,,,,,5,False
colon_transverse,raw,ENSG00000274197.1,U4,0.1282051282048789,542.4393720574424,-0.9927720424678526,0.0031961856696411097,6.358974358976863,294.24440404440134,0.0,3.198148238793492,0.00615710393676228,-1.0,-0.3277665775218914,-0.9944329510658612,0.05475392605940201,9.925411963849841,98.75741951134133,-1.0,-0.3277665775218914,529.6142948620376,0.0,3.26089025986063,479,True
esophagus_gastroesophageal_junction,excluded_at_or_below_-1,ENSG00000274197.1,U4,,,,,,,,,,-0.5241534921100282,-0.2636072694859872,,,,,,,,,,3,False
esophagus_gastroesophageal_junction,raw,ENSG00000274197.1,U4,-0.0020469887333069113,370.89694339678414,-0.990815882468762,0.008458786455311923,860.5857275947683,121.58106704643646,0.0,1.5354807264284382,0.3090745236838919,-1.0,-0.2636072694859872,-0.9954812246761074,0.05304522014315497,11.97074878659439,144.91677091319303,-1.0,-0.2636072694859872,369.1660589236523,0.0,114.0998238220874,403,True
esophagus_mucosa,excluded_at_or_below_-1,ENSG00000274197.1,U4,,,,,,,,,,-0.5683235586073672,-0.365976487883953,,,,,,,,,,6,False
esophagus_mucosa,raw,ENSG00000274197.1,U4,0.1538461538461539,661.6323926255479,-0.9924235793154726,0.0011981173760075737,7.076923082864749,739.4350424695228,0.0,8.942927546887994,4.362992581365942e-18,-1.0,-0.365976487883953,-0.9945676014636297,0.055114460346907534,10.165014362332078,102.48032669726076,-1.0,-0.365976487883953,648.882311852985,0.0,2.831068712794149e-15,614,True
esophagus_muscularis,excluded_at_or_below_-1,ENSG00000274197.1,U4,,,,,,,,,,-0.4361897528481376,-0.0557952243729158,,,,,,,,,,4,False
esophagus_muscularis,raw,ENSG00000274197.1,U4,0.10526315789675475,633.2603909446606,-0.9861656146052995,0.00566794366725928,3.590095918234404,232.13752661257655,0.0,3.4518295524525433,0.002596217984734986,-1.0,-0.0557952243729158,-0.9948797702967184,0.06162284586476588,12.414129382789328,158.05568191249202,-1.0,-0.0557952243729158,630.8181213646494,0.0,1.6377413517836357,561,True
fallopian_tube,excluded_at_or_below_-1,ENSG00000274197.1,U4,,,,,,,,,,,,,,,,,,,,,0,False
fallopian_tube,raw,ENSG00000274197.1,U4,0.0,29.0,-0.9875,1.0001e-06,0.0,-17675.90193946968,0.0,,,-1.0,-1.0,-1.0,0.0,,,,-1.0,2.368398264137555e-188,0.0,,29,True
heart_atrial_appendage,excluded_at_or_below_-1,ENSG00000274197.1,U4,,,,,,,,,,-0.6260066409822089,-0.5579057884030361,,,,,,,,,,2,False
heart_atrial_appendage,raw,ENSG00000274197.1,U4,0.052631578925747234,466.76568341182605,-0.9947996985004717,0.0025073435736060953,1.8975069812073406,246.4206738486137,0.0,2.93311893371096,0.013549437152681766,-1.0,-0.5579057884030361,-0.9982297449661286,0.026940903175000693,15.240935282637142,231.84971966252897,-1.0,-0.5579057884030361,466.6802411020126,0.0,6.323254597210087,461,True
heart_left_ventricle,excluded_at_or_below_-1,ENSG00000274197.1,U4,,,,,,,,,,-0.5982745218061772,-0.574823246204428,,,,,,,,,,2,False
heart_left_ventricle,raw,ENSG00000274197.1,U4,0.051282051282051246,526.2057631562215,-0.9942618879635217,0.0010700767426489132,1.8974358974358976,554.3301635457358,0.0,7.5834896143207615,3.2610640604591727e-13,-1.0,-0.574823246204428,-0.9981705702832093,0.02748294662864071,14.951565822252604,221.73197649344263,-1.0,-0.574823246204428,524.5745851968088,0.0,1.7106713268155715e-10,452,True
kidney_cortex,excluded_at_or_below_-1,ENSG00000274197.1,U4,,,,,,,,,,,,,,,,,,,,,0,False
kidney_cortex,raw,ENSG00000274197.1,U4,0.0,104.0,-0.9875,1.0001e-06,0.0,-17675.90193946968,0.0,,,-1.0,-1.0,-1.0,0.0,,,,-1.0,8.493566188631232e-188,0.0,,104,True
kidney_medulla,excluded_at_or_below_-1,ENSG00000274197.1,U4,,,,,,,,,,,,,,,,,,,,,0,False
kidney_medulla,raw,ENSG00000274197.1,U4,0.0,11.0,-0.9875,1.0001e-06,0.0,-17675.90193946968,0.0,,,-1.0,-1.0,-1.0,0.0,,,,-1.0,8.983579622590726e-189,0.0,,11,True
liver,excluded_at_or_below_-1,ENSG00000274197.1,U4,,,,,,,,,,-0.6006713806869003,-0.6006713806869003,,,,,,,,,,1,False
liver,raw,ENSG00000274197.1,U4,0.025641025635552397,281.7177784462167,-0.9955750423983453,0.0020489464986456047,0.9743589746071076,272.56842215855204,0.0,3.0541720134336234,0.009560900526219407,-1.0,-0.6006713806869003,-0.9984758449644537,0.024670604491251635,16.09359597534449,257.0038314176242,-1.0,-0.6006713806869003,277.82621696661937,0.0,2.656268823993732,262,True
lung,excluded_at_or_below_-1,ENSG00000274197.1,U4,-0.08550103310646538,1.2197003911294029,-0.9176670930931133,0.7330471066199731,15.885930421943343,1.9126841597774678,0.0,-0.7122326245468231,1.0,-0.5484865969109822,0.0737585490496333,-0.3264061849287252,0.1678621075046321,0.7014832978508238,0.011055013091252786,-0.5484865969109822,0.0737585490496333,0.7506375471535276,0.0,0.7506375471535276,18,True
lung,raw,ENSG00000274197.1,U4,0.4615384615384615,697.3186955591981,-0.9878163133634862,0.0029625417454662807,25.6923076923077,506.7586204300707,0.0,5.8160648394003385,4.5836978907454396e-08,-1.0,0.0737585490496333,-0.9799260121336376,0.11804618040240046,6.067271779816543,37.14246698416618,-1.0,0.0737585490496333,686.8473771112232,0.0,3.148300873728749e-05,604,True
minor_salivary_gland,excluded_at_or_below_-1,ENSG00000274197.1,U4,,,,,,,,,,-0.4256213660305353,-0.4256213660305353,,,,,,,,,,1,False
minor_salivary_gland,raw,ENSG00000274197.1,U4,0.025641025643507828,208.17843223442594,-0.993870774938857,0.0027532552714868586,0.9743589751130761,291.8821328378519,0.0,3.1482853399294926,0.007174551524601787,-1.0,-0.4256213660305353,-0.9968266373813841,0.04269322763589471,13.341872265748725,176.00555555555508,-1.0,-0.4256213660305353,204.3348956184201,0.0,1.4660112368884821,181,True
muscle_skeletal,excluded_at_or_below_-1,ENSG00000274197.1,U4,,,,,,,,,,-0.4343784545029354,-0.2792872591701107,,,,,,,,,,3,False
muscle_skeletal,raw,ENSG00000274197.1,U4,0.07692897167487384,894.0115448495125,-0.9910331787340526,0.00013829108622621388,2.7692307705859456,7278.565523482289,0.0,91.6978858994297,0.0,-1.0,-0.2792872591701107,-0.9976949403973425,0.03822971063804791,16.707213377578967,280.4247013706631,-1.0,-0.2792872591701107,0.0001657216584744492,0.0,0.0,818,True
nerve_tibial,excluded_at_or_below_-1,ENSG00000274197.1,U4,,,,,,,,,,-0.604133245468867,-0.2418614436361139,,,,,,,,,,6,False
nerve_tibial,raw,ENSG00000274197.1,U4,0.15384615387093734,754.4465013238312,-0.9919073360976198,0.0038695854921184584,7.076923078858034,274.1185265661581,0.0,2.957617830070941,0.012814888846565056,-1.0,-0.2418614436361139,-0.9944480253527135,0.05966202452786284,10.995705089517891,121.98039601438671,-1.0,-0.2418614436361139,742.023080209366,0.0,9.508943294468846,670,True
ovary,excluded_at_or_below_-1,ENSG00000274197.1,U4,,,,,,,,,,-0.2600318216925619,-0.1696659707694343,,,,,,,,,,2,False
ovary,raw,ENSG00000274197.1,U4,0.05128205229639751,265.0921112153479,-0.9922387848291514,0.004570650615769778,1.8974358989523745,254.5137940907205,0.0,2.4014121134615634,0.05677875369068674,-1.0,-0.1696659707694343,-0.9918637191319274,0.07985113379744559,9.71935900624127,92.78684975403658,-1.0,-0.1696659707694343,261.19842400571406,0.0,14.83052098101599,193,True
pancreas,excluded_at_or_below_-1,ENSG00000274197.1,U4,,,,,,,,,,,,,,,,,,,,,0,False
pancreas,raw,ENSG00000274197.1,U4,0.0,362.0,-0.9875,1.0001e-06,0.0,-17675.90193946968,0.0,,,-1.0,-1.0,-1.0,0.0,,,,-1.0,2.956414384888948e-187,0.0,,362,True
pituitary,excluded_at_or_below_-1,ENSG00000274197.1,U4,,,,,,,,,,-0.4387921681678357,-0.3348382969825779,,,,,,,,,,3,False
pituitary,raw,ENSG00000274197.1,U4,0.07692307692310271,316.6518293372928,-0.9921025629593784,0.0028459001991833714,2.769230769230782,326.6144186202703,0.0,3.9244744330949692,0.00045335127597510475,-1.0,-0.3348382969825779,-0.9942647841415382,0.05857766360481547,10.166624396700294,102.07823712228046,-1.0,-0.3348382969825779,316.04870815039925,0.0,0.143281085110267,313,True
prostate,excluded_at_or_below_-1,ENSG00000274197.1,U4,,,,,,,,,,-0.4611192059483725,-0.2181375817316804,,,,,,,,,,6,False
prostate,raw,ENSG00000274197.1,U4,0.1538461538461439,319.1348416898924,-0.9915890278822103,0.0035681297842821004,11.076923076923197,306.5542990620892,0.0,3.333654200056873,0.003964931117302454,-1.0,-0.2181375817316804,-0.9873534287993871,0.08683391425790553,6.881225194150408,46.7665650001796,-1.0,-0.2181375817316804,310.8328626690527,0.0,1.23243088947674,282,True
skin_not_sun_exposed_suprapubic,excluded_at_or_below_-1,ENSG00000274197.1,U4,0.1712363008749553,1.3176847258576467,-0.3449412318548616,0.03364937871959619,6.538427840019374,17.015596355122092,0.0,14.815822473891934,0.0,-0.697464524468264,0.0599228290812412,-0.37418265724656413,0.1865523236411521,0.7315009598475476,1.284137701340173,-0.697464524468264,0.0599228290812412,1.317612120709593,0.0,0.0,11,True
skin_not_sun_exposed_suprapubic,raw,ENSG00000274197.1,U4,0.28205128205128205,719.188867557708,-0.9876090603238488,0.002507630514386872,11.897435897509828,590.7703692851295,0.0,6.988045024984486,2.489427212819573e-11,-1.0,0.0599228290812412,-0.9894255134096963,0.08397200850349006,8.447193930536258,75.25173280854953,-1.0,0.0599228290812412,719.1865212709422,0.0,1.790362497144926e-08,651,True
skin_sun_exposed_lower_leg,excluded_at_or_below_-1,ENSG00000274197.1,U4,,,,,,,,,,-0.4661386750868747,0.1045245334471594,,,,,,,,,,7,False
skin_sun_exposed_lower_leg,raw,ENSG00000274197.1,U4,0.1842105263039413,846.0678567911394,-0.9841413434384167,0.0058093054938173965,7.744461052318742,265.0241151240745,0.0,3.860621069812419,0.0005895751673802841,-1.0,0.1045245334471594,-0.9932694388597769,0.07179882305527321,11.308260111011608,134.64209463116617,-1.0,0.1045245334471594,832.5642355846115,0.0,0.49085919854963533,754,True
small_intestine_terminal_ileum,excluded_at_or_below_-1,ENSG00000274197.1,U4,,,,,,,,,,-0.308791036432969,-0.308791036432969,,,,,,,,,,1,False
small_intestine_terminal_ileum,raw,ENSG00000274197.1,U4,0.026316499067184845,200.42702302736768,-0.9913597271061894,0.006122840863767395,31.748334279959668,157.6552324450524,0.0,1.995673475908916,0.1376680120524416,-1.0,-0.308791036432969,-0.9966608262629613,0.048042344009725804,14.283026792978173,202.00485436893192,-1.0,-0.308791036432969,198.74132331437028,0.0,27.360322893360916,207,True
spleen,excluded_at_or_below_-1,ENSG00000274197.1,U4,,,,,,,,,,-0.329862152116478,-0.329862152116478,,,,,,,,,,1,False
spleen,raw,ENSG00000274197.1,U4,0.025641025643019705,276.8070283072746,-0.9917890597723278,0.0030203975869351023,0.9743589743686943,309.92807508381173,0.0,3.8445346003576932,0.0006270859853104218,-1.0,-0.329862152116478,-0.9975807297910341,0.04026468094105612,16.553054799293243,272.00362318840564,-1.0,-0.329862152116478,272.4688667475781,0.0,0.170861407770819,277,True
stomach,excluded_at_or_below_-1,ENSG00000274197.1,U4,,,,,,,,,,-0.4899566358180776,-0.4899566358180776,,,,,,,,,,1,False
stomach,raw,ENSG00000274197.1,U4,0.02564102648583242,411.28649621485386,-0.9938894511928135,0.002324135421899093,0.9743589749780623,306.6381654497026,0.0,3.7182088940432303,0.0009993882507945359,-1.0,-0.4899566358180776,-0.9987468222010273,0.0252819109346223,20.099812512911363,402.00246305418773,-1.0,-0.4899566358180776,409.5743985569497,0.0,0.40932384174405645,407,True
testis,excluded_at_or_below_-1,ENSG00000274197.1,U4,,,,,,,,,,-0.5153132590819289,-0.482158931530655,,,,,,,,,,2,False
testis,raw,ENSG00000274197.1,U4,0.05262837039433642,384.32794851918175,-0.9935560604843855,0.006153489324731599,785.982075434566,117.53083776684275,0.0,1.4809657053384793,0.3353556082162278,-1.0,-0.482158931530655,-0.9975784352430256,0.03481716071705832,14.306756097960841,202.91061360542665,-1.0,-0.482158931530655,382.7684754377266,0.0,128.36355488641732,414,True
thyroid,excluded_at_or_below_-1,ENSG00000274197.1,U4,,,,,,,,,,-0.5112896286054408,-0.2992256154292266,,,,,,,,,,8,False
thyroid,raw,ENSG00000274197.1,U4,0.20512820513469993,919.4770248468548,-0.9931470843528813,0.003436221088495442,8.358974373579162,285.5908066740202,0.0,2.8203907724103137,0.018780175552391577,-1.0,-0.2992256154292266,-0.9927860937664321,0.06670102603681739,9.217290326077705,83.6926653528038,-1.0,-0.2992256154292266,917.3200776269568,0.0,17.22743209556777,684,True
uterus,excluded_at_or_below_-1,ENSG00000274197.1,U4,,,,,,,,,,,,,,,,,,,,,0,False
uterus,raw,ENSG00000274197.1,U4,0.0,153.0,-0.9875,1.0001e-06,0.0,-17675.90193946968,0.0,,,-1.0,-1.0,-1.0,0.0,,,,-1.0,1.24953425659671e-187,0.0,,153,True
vagina,excluded_at_or_below_-1,ENSG00000274197.1,U4,,,,,,,,,,,,,,,,,,,,,0,False
vagina,raw,ENSG00000274197.1,U4,0.0,170.0,-0.9875,1.0001e-06,0.0,-17675.90193946968,0.0,,,-1.0,-1.0,-1.0,0.0,,,,-1.0,1.3883713962185667e-187,0.0,,170,True
whole_blood,excluded_at_or_below_-1,ENSG00000274197.1,U4,0.2317752807733807,0.7350138848370209,0.011258607586196137,0.03551933178210084,11.167412913142034,7.083719471972937,1.269863026874957e-11,19.922133261791004,0.0,-0.4891049018298574,0.1891730250905277,-0.1473599690200176,0.2078185903054085,-0.17581917681435005,-1.0090710203136855,-0.4891049018298574,0.1891730250905277,0.7350032049275735,9.333533945721229e-12,0.0,12,True
whole_blood,raw,ENSG00000274197.1,U4,0.3076923076923077,814.1073181378675,-0.9853937940814408,0.0015129433690613064,16.30769234143906,1097.918375237689,0.0,13.653052009247858,0.0,-1.0,0.1891730250905277,-0.9872581813552184,0.10633690100124528,8.600584482486243,74.76083818182704,-1.0,0.1891730250905277,653.4474616990649,0.0,0.0,803,True
adipose_subcutaneous,excluded_at_or_below_-1,ENSG00000274716.1,U4,,,,,,,,,,-0.5734056774535746,-0.2891810056118692,,,,,,,,,,6,False
adipose_subcutaneous,raw,ENSG00000274716.1,U4,0.15384615386425485,798.4949532421577,-0.9923119693495377,0.0034488322464258066,5.076923082887824,288.32290873897904,0.0,3.152521328079016,0.00713977564348218,-1.0,-0.2891810056118692,-0.9951260489733266,0.053705840760553354,11.190312597566328,125.93697643748044,-1.0,-0.2891810056118692,777.1296614871856,0.0,5.548531428913701,714,True
adipose_visceral_omentum,excluded_at_or_below_-1,ENSG00000274716.1,U4,,,,,,,,,,-0.73744777532796,-0.4865284567854019,,,,,,,,,,3,False
adipose_visceral_omentum,raw,ENSG00000274716.1,U4,0.07692307358312758,618.6429460748366,-0.9942086597301835,0.002609124802384831,2.769230770214419,275.17588568265785,0.0,3.1390571836218126,0.007296113376010596,-1.0,-0.4865284567854019,-0.9978844053045207,0.030551174601827966,15.03863182832631,230.9140060219545,-1.0,-0.4865284567854019,614.6799760974619,0.0,4.484774795570534,587,True
adrenal_gland,excluded_at_or_below_-1,ENSG00000274716.1,U4,,,,,,,,,,-0.6346624419211785,-0.4206470092067125,,,,,,,,,,3,False
adrenal_gland,raw,ENSG00000274716.1,U4,0.07692307691970791,335.07292117440585,-0.993839433955376,0.002912386857614463,2.7692307692510614,278.334074612964,0.0,2.9914830955317955,0.011568966549487348,-1.0,-0.4206470092067125,-0.9953345776168678,0.04698338018266011,10.33222181611385,108.52149374574844,-1.0,-0.4206470092067125,330.065688657721,0.0,3.818518911214677,295,True
artery_aorta,excluded_at_or_below_-1,ENSG00000274716.1,U4,,,,,,,,,,-0.6608169969861233,-0.6608169969861233,,,,,,,,,,1,False
artery_aorta,raw,ENSG00000274716.1,U4,0.7063961194064445,436.469842772396,-0.9957685041904789,0.0038531445894412625,1179.6631714690343,122.93672174248684,0.0,1.5530792120670622,0.3008333937414642,-1.0,-0.6608169969861233,-0.9992813919427672,0.015612163169855272,21.6564568464523,467.00212314225064,-1.0,-0.6608169969861233,434.36727905907276,0.0,130.67218268958592,472,True
artery_coronary,excluded_at_or_below_-1,ENSG00000274716.1,U4,,,,,,,,,,-0.4193788423939026,-0.1122805633708068,,,,,,,,,,4,False
artery_coronary,raw,ENSG00000274716.1,U4,0.10256410256978266,359.53200550284083,-0.9913726652065707,0.004440164962518488,3.589743591014197,279.9949964665375,0.0,2.7478469775322845,0.023011110435938786,-1.0,-0.1122805633708068,-0.9893282446936794,0.08813854733661057,8.360928945214352,69.84597117108686,-1.0,-0.1122805633708068,358.25671567618633,0.0,8.243884848841445,268,True
artery_tibial,excluded_at_or_below_-1,ENSG00000274716.1,U4,,,,,,,,,,-0.4736006085963569,-0.3237750245652105,,,,,,,,,,3,False
artery_tibial,raw,ENSG00000274716.1,U4,0.07692307692392229,732.9843153541045,-0.9923085756732958,0.003022728658777575,2.7692307725669605,312.7800479652881,0.0,3.59850910375483,0.0015495984091626117,-1.0,-0.3237750245652105,-0.9973709867591726,0.04004753968811103,15.306333125340936,234.47371392854848,-1.0,-0.3237750245652105,729.4201411884503,0.0,1.1303082903967898,691,True
bladder,excluded_at_or_below_-1,ENSG00000274716.1,U4,,,,,,,,,,,,,,,,,,,,,0,False
bladder,raw,ENSG00000274716.1,U4,0.0,77.0,-0.9875,1.0001e-06,0.0,-17675.90193946968,0.0,,,-1.0,-1.0,-1.0,0.0,,,,-1.0,6.288505735813509e-188,0.0,,77,True
brain_amygdala,excluded_at_or_below_-1,ENSG00000274716.1,U4,,,,,,,,,,-0.6024018222896297,-0.5061118953963475,,,,,,,,,,2,False
brain_amygdala,raw,ENSG00000274716.1,U4,0.051282051282061224,259.69268869083743,-0.9951863883853616,0.0022285931736725937,1.8974358999751724,310.35533500086956,0.0,3.054606336337422,0.009450187021197525,-1.0,-0.5061118953963475,-0.9950746614236794,0.04699993492968627,9.52058269164695,89.6595224825666,-1.0,-0.5061118953963475,258.762273544096,0.0,2.4453518790219793,181,True
brain_anterior_cingulate_cortex_ba24,excluded_at_or_below_-1,ENSG00000274716.1,U4,,,,,,,,,,,,,,,,,,,,,0,False
brain_anterior_cingulate_cortex_ba24,raw,ENSG00000274716.1,U4,0.0,233.0,-0.9875,1.0001e-06,0.0,-17675.90193946968,0.0,,,-1.0,-1.0,-1.0,0.0,,,,-1.0,1.9028855018760357e-187,0.0,,233,True
brain_caudate_basal_ganglia,excluded_at_or_below_-1,ENSG00000274716.1,U4,,,,,,,,,,,,,,,,,,,,,0,False
brain_caudate_basal_ganglia,raw,ENSG00000274716.1,U4,0.0,300.0,-0.9875,1.0001e-06,0.0,-17675.90193946968,0.0,,,-1.0,-1.0,-1.0,0.0,,,,-1.0,2.450067169797471e-187,0.0,,300,True
brain_cerebellar_hemisphere,excluded_at_or_below_-1,ENSG00000274716.1,U4,,,,,,,,,,-0.4858474340810969,-0.2369887811425797,,,,,,,,,,2,False
brain_cerebellar_hemisphere,raw,ENSG00000274716.1,U4,-0.2363891798892797,257.48618393669904,-0.9904774139238994,0.008601439850767861,322.8301934773797,123.88551940849487,0.0,1.5656646574683075,0.2950264020230363,-1.0,-0.2369887811425797,-0.9953893004159698,0.05518908086882029,12.275233944584679,153.09339206840716,-1.0,-0.2369887811425797,256.21157871544705,0.0,75.58918022506028,277,True
brain_cerebellum,excluded_at_or_below_-1,ENSG00000274716.1,U4,,,,,,,,,,-0.5417019980007481,-0.4324672076314159,,,,,,,,,,3,False
brain_cerebellum,raw,ENSG00000274716.1,U4,0.07692307692307697,345.24987107603323,-0.9934585368973453,0.0010589559370881158,4.769230769230769,749.1922170087162,0.0,8.735987507635043,2.696835274613111e-17,-1.0,-0.4324672076314159,-0.9940184122093967,0.05637292086627316,9.380875188606183,86.69470210630365,-1.0,-0.4324672076314159,342.7204756260174,0.0,9.242606680004428e-15,266,True
brain_cortex,excluded_at_or_below_-1,ENSG00000274716.1,U4,,,,,,,,,,,,,,,,,,,,,0,False
brain_cortex,raw,ENSG00000274716.1,U4,0.0,270.0,-0.9875,1.0001e-06,0.0,-17675.90193946968,0.0,,,-1.0,-1.0,-1.0,0.0,,,,-1.0,2.2050604528177237e-187,0.0,,270,True
brain_frontal_cortex_ba9,excluded_at_or_below_-1,ENSG00000274716.1,U4,,,,,,,,,,,,,,,,,,,,,0,False
brain_frontal_cortex_ba9,raw,ENSG00000274716.1,U4,0.0,269.0,-0.9875,1.0001e-06,0.0,-17675.90193946968,0.0,,,-1.0,-1.0,-1.0,0.0,,,,-1.0,2.196893562251732e-187,0.0,,269,True
brain_hippocampus,excluded_at_or_below_-1,ENSG00000274716.1,U4,,,,,,,,,,,,,,,,,,,,,0,False
brain_hippocampus,raw,ENSG00000274716.1,U4,0.0,255.0,-0.9875,1.0001e-06,0.0,-17675.90193946968,0.0,,,-1.0,-1.0,-1.0,0.0,,,,-1.0,2.08255709432785e-187,0.0,,255,True
brain_hypothalamus,excluded_at_or_below_-1,ENSG00000274716.1,U4,,,,,,,,,,-0.5713215900517699,-0.5713215900517699,,,,,,,,,,1,False
brain_hypothalamus,raw,ENSG00000274716.1,U4,0.02564855191574967,255.8650956892249,-0.9946455315448264,0.0038352232895852876,1.002340881857146,156.0979411452862,0.0,1.974425303780538,0.1435471579209248,-1.0,-0.5713215900517699,-0.9983319906227694,0.026740224524298487,15.937499999999995,252.00390624999997,-1.0,-0.5713215900517699,253.80452056726313,0.0,36.43291759491351,257,True
brain_nucleus_accumbens_basal_ganglia,excluded_at_or_below_-1,ENSG00000274716.1,U4,,,,,,,,,,,,,,,,,,,,,0,False
brain_nucleus_accumbens_basal_ganglia,raw,ENSG00000274716.1,U4,0.0,285.0,-0.9875,1.0001e-06,0.0,-17675.90193946968,0.0,,,-1.0,-1.0,-1.0,0.0,,,,-1.0,2.3275638113075975e-187,0.0,,285,True
brain_putamen_basal_ganglia,excluded_at_or_below_-1,ENSG00000274716.1,U4,,,,,,,,,,,,,,,,,,,,,0,False
brain_putamen_basal_ganglia,raw,ENSG00000274716.1,U4,0.0,254.0,-0.9875,1.0001e-06,0.0,-17675.90193946968,0.0,,,-1.0,-1.0,-1.0,0.0,,,,-1.0,2.0743902037618585e-187,0.0,,254,True
brain_spinal_cord_cervical_c-1,excluded_at_or_below_-1,ENSG00000274716.1,U4,,,,,,,,,,-0.3617991648939022,-0.3502061405965385,,,,,,,,,,2,False
brain_spinal_cord_cervical_c-1,raw,ENSG00000274716.1,U4,0.05128205137418676,275.61238813790254,-0.9938989950095871,0.0036248389189958707,3.8974358979827852,251.1336876083184,0.0,2.380277908718204,0.05959366481002389,-1.0,-0.3502061405965385,-0.9936863005171099,0.06361059002717473,9.951617313623979,97.04311169584427,-1.0,-0.3502061405965385,272.14636608141643,0.0,16.218199319521865,204,True
brain_substantia_nigra,excluded_at_or_below_-1,ENSG00000274716.1,U4,,,,,,,,,,-0.6625549248342862,-0.6625549248342862,,,,,,,,,,1,False
brain_substantia_nigra,raw,ENSG00000274716.1,U4,0.02564102491173782,210.47095594763087,-0.9965210116083792,0.0019376885693162223,0.9743589765431276,243.74369378421775,0.0,2.5391245242804326,0.03991626659689839,-1.0,-0.6625549248342862,-0.9981560378406246,0.02494465773413603,13.416612631565934,178.0054945054946,-1.0,-0.6625549248342862,209.9233252607848,0.0,8.3793554160169,183,True
breast_mammary_tissue,excluded_at_or_below_-1,ENSG00000274716.1,U4,,,,,,,,,,-0.4480046811990802,-0.4480046811990802,,,,,,,,,,1,False
breast_mammary_tissue,raw,ENSG00000274716.1,U4,1.4598561000150665,478.2393415730561,-0.9931214354047053,0.00631057988603226,1217.62094480085,122.1617538795,0.0,1.5415000706760176,0.30620080604890887,-1.0,-0.4480046811990802,-0.9989260791463017,0.024347469765956024,22.605352227243372,509.00194931773797,-1.0,-0.4480046811990802,476.04588714605813,0.0,145.76563436039055,514,True
cells_cultured_fibroblasts,excluded_at_or_below_-1,ENSG00000274716.1,U4,,,,,,,,,,-0.2884610422654705,-0.2884610422654705,,,,,,,,,,1,False
cells_cultured_fibroblasts,raw,ENSG00000274716.1,U4,2.2552808749442392,615.5063141553865,-0.9911328123512805,0.007964766904402867,1335.8530400147968,124.76547764413999,0.0,1.5744462058261275,0.29094050145113654,-1.0,-0.2884610422654705,-0.9989086825801617,0.027866016210955497,25.475508554262646,647.0015360983098,-1.0,-0.2884610422654705,612.5565543039794,0.0,178.21751107637974,652,True
cells_ebv-transformed_lymphocytes,excluded_at_or_below_-1,ENSG00000274716.1,U4,,,,,,,,,,-0.5913077010698519,-0.5913077010698519,,,,,,,,,,1,False
cells_ebv-transformed_lymphocytes,raw,ENSG00000274716.1,U4,0.02564102564102896,369.2768144166791,-0.9954992085128364,0.0017211674815591103,0.9743589796290607,332.1077801819157,0.0,3.69811795235317,0.001099978684059753,-1.0,-0.5913077010698519,-0.9987501764558712,0.022600735773577435,18.000085207705634,322.00306748466295,-1.0,-0.5913077010698519,359.95276701486574,0.0,0.39594037098467877,327,True
cervix_ectocervix,excluded_at_or_below_-1,ENSG00000274716.1,U4,,,,,,,,,,,,,,,,,,,,,0,False
cervix_ectocervix,raw,ENSG00000274716.1,U4,0.0,24.0,-0.9875,1.0001e-06,0.0,-17675.90193946968,0.0,,,-1.0,-1.0,-1.0,0.0,,,,-1.0,1.9600537358379766e-188,0.0,,24,True
cervix_endocervix,excluded_at_or_below_-1,ENSG00000274716.1,U4,,,,,,,,,,,,,,,,,,,,,0,False
cervix_endocervix,raw,ENSG00000274716.1,U4,0.0,23.0,-0.9875,1.0001e-06,0.0,-17675.90193946968,0.0,,,-1.0,-1.0,-1.0,0.0,,,,-1.0,1.878384830178061e-188,0.0,,23,True
colon_sigmoid,excluded_at_or_below_-1,ENSG00000274716.1,U4,,,,,,,,,,-0.3871332715315498,-0.3871332715315498,,,,,,,,,,1,False
colon_sigmoid,raw,ENSG00000274716.1,U4,0.026316026319011424,402.13349797682895,-0.9923386098837434,0.005353913456886643,251.9043498202707,159.86242669226462,0.0,2.0237237482994095,0.1301548689470307,-1.0,-0.3871332715315498,-0.9985373109105764,0.029940498943763147,20.396136701456406,414.0023923444973,-1.0,-0.3871332715315498,398.6506427498682,0.0,51.88632216275865,419,True
colon_transverse,excluded_at_or_below_-1,ENSG00000274716.1,U4,,,,,,,,,,-0.5525139006169599,-0.285431794413737,,,,,,,,,,5,False
colon_transverse,raw,ENSG00000274716.1,U4,0.12820512818781252,540.8409801327815,-0.9924011918070886,0.0036671546818092073,6.358974359148194,272.637997774109,0.0,2.9304293210193446,0.01385327773944989,-1.0,-0.285431794413737,-0.9944352824343785,0.05513745651352387,10.162257332366414,105.30155351150006,-1.0,-0.285431794413737,533.0689140419807,0.0,7.384751720490499,479,True
esophagus_gastroesophageal_junction,excluded_at_or_below_-1,ENSG00000274716.1,U4,,,,,,,,,,-0.7183064970803235,-0.7183064970803235,,,,,,,,,,1,False
esophagus_gastroesophageal_junction,raw,ENSG00000274716.1,U4,0.02564361332114832,413.6275680555964,-0.9965866756764403,0.0006379466774482768,0.9743589746201219,616.8973311129809,0.0,7.566728884716015,3.827204561615321e-13,-1.0,-0.7183064970803235,-0.9993010086776187,0.014032152868040389,20.000062188958058,398.00248756218946,-1.0,-0.7183064970803235,398.9134655844237,0.0,1.5267234351745707e-10,403,True
esophagus_mucosa,excluded_at_or_below_-1,ENSG00000274716.1,U4,,,,,,,,,,-0.4315261527139623,-0.3253233219358256,,,,,,,,,,2,False
esophagus_mucosa,raw,ENSG00000274716.1,U4,0.05128205128266172,666.114833477212,-0.9924480717831436,0.003026942944024203,1.8974359012141129,311.6863735047964,0.0,3.5283252786217476,0.0020042654425982014,-1.0,-0.3253233219358256,-0.9979753248772798,0.035575762021932175,17.626002481058052,310.8503126551122,-1.0,-0.3253233219358256,658.1284273210111,0.0,1.3190640636710047,614,True
esophagus_muscularis,excluded_at_or_below_-1,ENSG00000274716.1,U4,,,,,,,,,,0.1300742212283436,0.1300742212283436,,,,,,,,,,1,False
esophagus_muscularis,raw,ENSG00000274716.1,U4,0.7269965614736428,524.7903382652768,-0.9858759032234667,0.011414038659445373,1212.1905337452229,138.26760606121695,0.0,1.7499931280777712,0.21767089391702593,-1.0,0.1300742212283436,-0.9979856074487908,0.04771177101676144,23.622061419662053,556.0017857142857,-1.0,0.1300742212283436,521.4074922037031,0.0,113.49523492301498,561,True
fallopian_tube,excluded_at_or_below_-1,ENSG00000274716.1,U4,,,,,,,,,,,,,,,,,,,,,0,False
fallopian_tube,raw,ENSG00000274716.1,U4,0.0,29.0,-0.9875,1.0001e-06,0.0,-17675.90193946968,0.0,,,-1.0,-1.0,-1.0,0.0,,,,-1.0,2.368398264137555e-188,0.0,,29,True
heart_atrial_appendage,excluded_at_or_below_-1,ENSG00000274716.1,U4,,,,,,,,,,,,,,,,,,,,,0,False
heart_atrial_appendage,raw,ENSG00000274716.1,U4,0.0,461.0,-0.9875,1.0001e-06,0.0,-17675.90193946968,0.0,,,-1.0,-1.0,-1.0,0.0,,,,-1.0,3.7649365509221136e-187,0.0,,461,True
heart_left_ventricle,excluded_at_or_below_-1,ENSG00000274716.1,U4,,,,,,,,,,-0.6728622291233017,-0.6728622291233017,,,,,,,,,,1,False
heart_left_ventricle,raw,ENSG00000274716.1,U4,0.6499261928071441,416.7857097383799,-0.9959288189194928,0.003872747883331139,1171.8321503680625,117.97441160729774,0.0,1.486675526623168,0.33254017190710344,-1.0,-0.6728622291233017,-0.9992762438697419,0.015387266395010089,21.189672420660525,447.00221729490084,-1.0,-0.6728622291233017,415.0772933327801,0.0,138.02987447961786,452,True
kidney_cortex,excluded_at_or_below_-1,ENSG00000274716.1,U4,,,,,,,,,,,,,,,,,,,,,0,False
kidney_cortex,raw,ENSG00000274716.1,U4,0.0,104.0,-0.9875,1.0001e-06,0.0,-17675.90193946968,0.0,,,-1.0,-1.0,-1.0,0.0,,,,-1.0,8.493566188631232e-188,0.0,,104,True
kidney_medulla,excluded_at_or_below_-1,ENSG00000274716.1,U4,,,,,,,,,,,,,,,,,,,,,0,False
kidney_medulla,raw,ENSG00000274716.1,U4,0.0,11.0,-0.9875,1.0001e-06,0.0,-17675.90193946968,0.0,,,-1.0,-1.0,-1.0,0.0,,,,-1.0,8.983579622590726e-189,0.0,,11,True
liver,excluded_at_or_below_-1,ENSG00000274716.1,U4,,,,,,,,,,,,,,,,,,,,,0,False
liver,raw,ENSG00000274716.1,U4,0.0,262.0,-0.9875,1.0001e-06,0.0,-17675.90193946968,0.0,,,-1.0,-1.0,-1.0,0.0,,,,-1.0,2.1397253282897912e-187,0.0,,262,True
lung,excluded_at_or_below_-1,ENSG00000274716.1,U4,,,,,,,,,,-0.3059845692957446,-0.1332850533251497,,,,,,,,,,2,False
lung,raw,ENSG00000274716.1,U4,0.051282051280267874,616.271894759403,-0.9898035446738986,0.004157055043368269,1.8974358975041272,291.384178042368,0.0,3.468793475156955,0.002439414329411174,-1.0,-0.1332850533251497,-0.9974160093089751,0.045142473998125085,17.60569365389674,311.46155682437296,-1.0,-0.1332850533251497,616.1075019868771,0.0,1.5029414688045113,604,True
minor_salivary_gland,excluded_at_or_below_-1,ENSG00000274716.1,U4,,,,,,,,,,,,,,,,,,,,,0,False
minor_salivary_gland,raw,ENSG00000274716.1,U4,0.0,181.0,-0.9875,1.0001e-06,0.0,-17675.90193946968,0.0,,,-1.0,-1.0,-1.0,0.0,,,,-1.0,1.478207192444474e-187,0.0,,181,True
muscle_skeletal,excluded_at_or_below_-1,ENSG00000274716.1,U4,,,,,,,,,,-0.6585254045139497,-0.6039534314471298,,,,,,,,,,4,False
muscle_skeletal,raw,ENSG00000274716.1,U4,0.10541912163941193,751.3629248908372,-0.9951481434770709,0.005295499587642805,4402.175168202178,104.47227086418144,0.0,1.295734459771553,0.4327128251045448,-1.0,-0.6039534314471298,-0.9982102911056664,0.02558484497478235,14.260473015908598,201.99616069155906,-1.0,-0.6039534314471298,750.0245114305253,0.0,324.54522523875795,818,True
nerve_tibial,excluded_at_or_below_-1,ENSG00000274716.1,U4,,,,,,,,,,-0.3946175587643658,-0.3946175587643658,,,,,,,,,,1,False
nerve_tibial,raw,ENSG00000274716.1,U4,2.1119161528445525,633.5984771450428,-0.9924627353171303,0.006895894104448273,1326.272807752077,122.60640086321372,0.0,1.5457461753703843,0.30417140365414785,-1.0,-0.3946175587643658,-0.9990964441175587,0.02338796412484632,25.826372079103784,665.001494768311,-1.0,-0.3946175587643658,630.7526105545368,0.0,191.85690691089195,670,True
ovary,excluded_at_or_below_-1,ENSG00000274716.1,U4,,,,,,,,,,-0.3740029681237184,-0.1026534579410602,,,,,,,,,,3,False
ovary,raw,ENSG00000274716.1,U4,0.07692307696532666,245.90698104420895,-0.99124650719975,0.004846555141843634,2.769230769558493,259.2893931696954,0.0,2.5542489198915233,0.03839824150363853,-1.0,-0.1026534579410602,-0.9886552224645719,0.09174476771675687,8.17046946172204,66.67466185295868,-1.0,-0.1026534579410602,245.32973941205654,0.0,9.420230581968854,193,True
pancreas,excluded_at_or_below_-1,ENSG00000274716.1,U4,,,,,,,,,,-0.3884376019417263,-0.3884376019417263,,,,,,,,,,1,False
pancreas,raw,ENSG00000274716.1,U4,0.025641025641025657,398.39714887770833,-0.9930376481055058,0.002172029151557746,0.9743589754950498,393.6565881185339,0.0,4.533204569628538,3.473509467547797e-05,-1.0,-0.3884376019417263,-0.9983106011103363,0.03214300602370197,18.947368421052627,357.0027700831026,-1.0,-0.3884376019417263,395.53431315717324,0.0,0.01373892181491456,362,True
pituitary,excluded_at_or_below_-1,ENSG00000274716.1,U4,,,,,,,,,,-0.5397701361104792,-0.5397701361104792,,,,,,,,,,1,False
pituitary,raw,ENSG00000274716.1,U4,0.02564102564108738,354.19423300490877,-0.9949710212773929,0.0020319001638575457,0.9743589778960864,316.8222912021085,0.0,3.50019653568748,0.002251564795953938,-1.0,-0.5397701361104792,-0.9985296170482763,0.02601372994665075,17.606907880948466,308.00320512820537,-1.0,-0.5397701361104792,343.87815321934653,0.0,0.7742639438863487,313,True
prostate,excluded_at_or_below_-1,ENSG00000274716.1,U4,,,,,,,,,,-0.3570535719660905,-0.2154064010617434,,,,,,,,,,2,False
prostate,raw,ENSG00000274716.1,U4,0.05128205128205055,328.0274983087788,-0.9915662630206254,0.0034505173494760576,1.8974358974359404,318.11339929026974,0.0,3.4566136059365866,0.0026153742372440176,-1.0,-0.2154064010617434,-0.9949378013227937,0.0602999835809144,11.92186012044565,141.4710141592066,-1.0,-0.2154064010617434,319.05283331631614,0.0,0.8344425605752023,282,True
skin_not_sun_exposed_suprapubic,excluded_at_or_below_-1,ENSG00000274716.1,U4,,,,,,,,,,-0.528458738949175,-0.2865513998158736,,,,,,,,,,5,False
skin_not_sun_exposed_suprapubic,raw,ENSG00000274716.1,U4,0.13688728147077633,593.2058362307562,-0.9911178203891511,0.00851551915192297,2836.7771720439277,117.01076232591024,0.0,1.475106642941397,0.3382811388550458,-1.0,-0.2865513998158736,-0.9956100455208279,0.0505450039378752,11.695387243461674,137.97772102814827,-1.0,-0.2865513998158736,590.7834882907184,0.0,199.85091123574114,651,True
skin_sun_exposed_lower_leg,excluded_at_or_below_-1,ENSG00000274716.1,U4,,,,,,,,,,-0.5388413291528062,-0.3595262177050248,,,,,,,,,,2,False
skin_sun_exposed_lower_leg,raw,ENSG00000274716.1,U4,2.4865789917225625,699.0435863283803,-0.9920245317246773,0.007409687076643452,2855.0641088642906,120.71868685039091,0.0,1.5221986144045483,0.3153232756366325,-1.0,-0.3595262177050248,-0.9985389490011377,0.028723725087114516,20.079105998432368,409.967315456792,-1.0,-0.3595262177050248,695.9833093693481,0.0,219.4597368987662,754,True
small_intestine_terminal_ileum,excluded_at_or_below_-1,ENSG00000274716.1,U4,,,,,,,,,,-0.2991421828394028,-0.2991421828394028,,,,,,,,,,1,False
small_intestine_terminal_ileum,raw,ENSG00000274716.1,U4,0.026316438486656303,200.42402292692833,-0.9912396328062779,0.0062305634085078705,31.782420957213137,157.09231028617225,0.0,1.9884285391932282,0.13965874378028573,-1.0,-0.2991421828394028,-0.9966142134436686,0.048712985694187465,14.283026792978145,202.0048543689318,-1.0,-0.2991421828394028,198.75334540503638,0.0,27.757642541396695,207,True
spleen,excluded_at_or_below_-1,ENSG00000274716.1,U4,,,,,,,,,,-0.2858327472277187,-0.2858327472277187,,,,,,,,,,1,False
spleen,raw,ENSG00000274716.1,U4,0.025641025641050894,276.7260802546857,-0.9912187751655376,0.002796746237094997,0.9743589743995063,356.6882379912776,0.0,4.440348248414503,5.3591838430542254e-05,-1.0,-0.2858327472277187,-0.997421778870858,0.04291015148934638,16.553054799293264,272.00362318840564,-1.0,-0.2858327472277187,270.1009081174155,0.0,0.014475204227771245,277,True
stomach,excluded_at_or_below_-1,ENSG00000274716.1,U4,,,,,,,,,,-0.4091201744507148,-0.4091201744507148,,,,,,,,,,1,False
stomach,raw,ENSG00000274716.1,U4,0.0263157894638716,411.54810417522754,-0.9930708397950863,0.003911943257429847,0.974382419442995,211.10504328464492,0.0,2.5049730256269296,0.043395170541913254,-1.0,-0.4091201744507148,-0.9985482068168322,0.029288825562043593,20.099812512911317,402.0024630541866,-1.0,-0.4091201744507148,411.53254480039567,0.0,17.858524965160733,407,True
testis,excluded_at_or_below_-1,ENSG00000274716.1,U4,,,,,,,,,,-0.4065429610906133,0.030223059889618,,,,,,,,,,4,False
testis,raw,ENSG00000274716.1,U4,0.1079677544443339,381.2832417414277,-0.9871441662705236,0.011592621767530748,832.0938934117338,124.11122850392367,0.0,1.5683160186215293,0.2938027050658433,-1.0,0.030223059889618,-0.9931152153294275,0.0720976608610797,11.128788916126434,130.55862974760925,-1.0,0.030223059889618,379.39647123877813,0.0,111.4677095423884,414,True
thyroid,excluded_at_or_below_-1,ENSG00000274716.1,U4,,,,,,,,,,-0.5821188677278814,-0.2774229360020767,,,,,,,,,,4,False
thyroid,raw,ENSG00000274716.1,U4,0.1025641025681238,699.9039313961068,-0.991583251072316,0.0036140595873906966,3.589743590333488,279.45726373874317,0.0,3.293548486624164,0.0044109138973456915,-1.0,-0.2774229360020767,-0.9965857806004965,0.045329387427078545,13.587013293591824,187.1970137774327,-1.0,-0.2774229360020767,699.863730882682,0.0,3.087038656798627,684,True
uterus,excluded_at_or_below_-1,ENSG00000274716.1,U4,,,,,,,,,,,,,,,,,,,,,0,False
uterus,raw,ENSG00000274716.1,U4,0.0,153.0,-0.9875,1.0001e-06,0.0,-17675.90193946968,0.0,,,-1.0,-1.0,-1.0,0.0,,,,-1.0,1.24953425659671e-187,0.0,,153,True
vagina,excluded_at_or_below_-1,ENSG00000274716.1,U4,,,,,,,,,,,,,,,,,,,,,0,False
vagina,raw,ENSG00000274716.1,U4,0.0,170.0,-0.9875,1.0001e-06,0.0,-17675.90193946968,0.0,,,-1.0,-1.0,-1.0,0.0,,,,-1.0,1.3883713962185667e-187,0.0,,170,True
whole_blood,excluded_at_or_below_-1,ENSG00000274716.1,U4,,,,,,,,,,-0.3844754105028108,-0.1978895206300783,,,,,,,,,,2,False
whole_blood,raw,ENSG00000274716.1,U4,2.715917526666154,745.4010639730992,-0.9900202672427337,0.009432686763835338,3183.7926310329494,118.76171371738117,0.0,1.4962304768028432,0.32784205215816115,-1.0,-0.1978895206300783,-0.9982345765020334,0.0356582038268946,20.469630513937133,423.41594155268865,-1.0,-0.1978895206300783,742.3292882671191,0.0,243.36675724259914,803,True
adipose_subcutaneous,excluded_at_or_below_-1,ENSG00000276103.1,U4,6.780110776053063,44.71056756430822,-0.5292305422576353,0.14038100760385938,2718.313178373446,20.645866791605275,0.0,2.796478762139177,0.020040748407069174,-0.8068212236205985,1.5201682615532897,-0.23553587708422669,0.37277237148050596,1.304503799783022,2.170837510945659,-0.8068212236205985,1.5201682615532897,44.70345576304392,0.0,0.8958907098737097,462,True
adipose_subcutaneous,raw,ENSG00000276103.1,U4,11.846117689240026,304.8449544806593,-0.9718714745515634,0.0069075689070921716,8811.076923127912,510.2050287408195,0.0,5.7588628812509315,6.521385200930615e-08,-1.0,1.5201682615532897,-0.5053467439956761,0.4727536627482476,0.8175191158134697,0.5155416764155167,-1.0,1.5201682615532897,293.87261621753095,0.0,1.916456530359767e-05,714,True
adipose_visceral_omentum,excluded_at_or_below_-1,ENSG00000276103.1,U4,2.977912541622833,22.181432371882416,-0.5344755248655675,0.20475491003807247,549.1121728462193,10.385958347670964,0.0,1.9106438355693636,0.16117269884177396,-0.8111053897427885,0.9692407622050176,-0.33841149746469823,0.33134395074133105,1.319417314837506,1.6043597525612352,-0.8111053897427885,0.9692407622050176,22.181407796579286,0.0,3.5750373586846504,295,True
adipose_visceral_omentum,raw,ENSG00000276103.1,U4,7.564102532282335,288.6545234990927,-0.974577831465219,0.0066480576040568885,3027.589743591805,413.50042097768835,0.0,5.407951866253809,4.538399366905666e-07,-1.0,0.9692407622050176,-0.6675151477889029,0.40582073041780364,1.1688315835055403,0.9586101291029374,-1.0,0.9692407622050176,283.6610734585698,0.0,0.00012873672362001543,587,True
adrenal_gland,excluded_at_or_below_-1,ENSG00000276103.1,U4,1.7435559648627266,5.7485021809983845,-0.6395000716686549,0.12231209564708972,131.63263271100067,10.458119286920136,0.0,1.9771795052558083,0.14162011586022852,-0.8105018037921331,0.26499873992808,-0.45533330689047474,0.24818942289957982,0.8173484237416241,-0.08714815541031262,-0.8105018037921331,0.26499873992808,5.748431179678142,0.0,0.8140934896805685,115,True
adrenal_gland,raw,ENSG00000276103.1,U4,2.9487179403661643,290.790921057206,-0.9870943974149744,0.004126800781632755,387.89743598699835,429.0798586803223,0.0,4.422621583181843,5.676662487644345e-05,-1.0,0.26499873992808,-0.7876723060759478,0.3077169548332592,1.2766404667312479,0.6377268650613619,-1.0,0.26499873992808,289.8535182030127,0.0,0.01645400593694779,295,True
artery_aorta,excluded_at_or_below_-1,ENSG00000276103.1,U4,3.3062012328833297,16.5130734681941,-0.42175381182846045,0.22832325811018092,483.331653660891,10.235326923879176,0.0,2.1244546320680566,0.10470029112235003,-0.7647447265012728,1.230728707969646,-0.13741724751088094,0.4281194625123794,1.1127832387029453,0.7285205337096872,-0.7647447265012728,1.230728707969646,16.51306750224624,0.0,1.728922974808199,264,True
artery_aorta,raw,ENSG00000276103.1,U4,6.769230769850856,223.96511969964496,-0.9698831283405149,0.006824562760226218,1886.9230769365977,456.0197061365191,0.0,6.240940240936716,3.4933269220565355e-09,-1.0,1.230728707969646,-0.5175384604721877,0.5349091529092572,0.9586393746310999,0.2808077855632729,-1.0,1.230728707969646,223.46036498014232,0.0,7.806201089977094e-07,472,True
artery_coronary,excluded_at_or_below_-1,ENSG00000276103.1,U4,2.093681209499363,12.14214478194345,-0.48856716341946566,0.13608369218934194,126.5800678351245,17.09767315858211,0.0,3.089655833287619,0.008455593068252063,-0.7858714635441127,1.1566684312400572,-0.2004848803886764,0.4049558538792566,1.1336871241343507,0.8307885775635353,-0.7858714635441127,1.1566684312400572,12.141423206902058,0.0,0.10266293390699577,144,True
artery_coronary,raw,ENSG00000276103.1,U4,3.6923077071240766,147.9535837601299,-0.9681280336315606,0.010803817703784165,642.3076935778156,278.1346427986602,0.0,4.172022180822133,0.00016650933743701124,-1.0,1.1566684312400572,-0.5704097864774977,0.49733364648068157,1.0436067878700273,0.48289180339430393,-1.0,1.1566684312400572,147.59517650238317,0.0,0.02457597504831055,268,True
artery_tibial,excluded_at_or_below_-1,ENSG00000276103.1,U4,5.763710086540533,32.05369189460865,-0.4734337030789069,0.16192566268716369,1596.586348661537,16.104272862325377,0.0,2.3797664788522503,0.05891630235571919,-0.745913952442537,1.3704851538094038,-0.17648476832758767,0.3862463203860486,1.0790392933168493,0.9121980997223691,-0.745913952442537,1.3704851538094038,32.05347391273838,0.0,1.888472160594052,403,True
artery_tibial,raw,ENSG00000276103.1,U4,10.33333338716954,332.40181827767594,-0.9752395389037891,0.011482572656132013,5432.6666666668625,288.90352130773573,0.0,3.0495413302848022,0.00963819367343039,-1.0,1.3704851538094038,-0.5197154292851199,0.5020004884615122,0.8151893912865773,0.028138445272941848,-1.0,1.3704851538094038,329.8094082150238,0.0,3.1787669516958683,691,True
bladder,excluded_at_or_below_-1,ENSG00000276103.1,U4,-0.11201035219650947,2.6155313995062817,-0.3489326073623557,0.804137612845144,50.070602285814246,2.97810930225511,0.0,0.7775185411572088,0.7360093085945013,-0.7910383262325932,1.3444535747704016,-0.16287590046176095,0.40941254600469557,0.9671570705704704,1.816641160013261,-0.7910383262325932,1.3444535747704016,2.5845106844168515,0.0,1.9022239218927481,50,True
bladder,raw,ENSG00000276103.1,U4,1.2820512869953615,41.74303779286243,-0.9752349283385945,0.006524335739808784,97.89743589743588,502.8151634749919,0.0,5.3680714195937975,5.746403876927379e-07,-1.0,1.3444535747704016,-0.4564129223777668,0.5193576341843752,0.6977248790441474,0.1613557813169506,-1.0,1.3444535747704016,40.16350307387346,0.0,2.3079570977468933e-05,77,True
brain_amygdala,excluded_at_or_below_-1,ENSG00000276103.1,U4,0.5536408558237013,1.912892245669383,-0.6941328214420994,0.2316986832373974,79.48716394761318,2.99348058280429,0.0,0.627603886735402,0.8191894221937551,-0.7969567498926613,-0.2036938044603838,-0.5772428117958074,0.1529690756341072,0.6367577947205275,-0.3928717614093533,-0.7969567498926613,-0.2036938044603838,1.8912215285164713,0.0,1.5492686711857986,61,True
brain_amygdala,raw,ENSG00000276103.1,U4,1.564102579210215,145.8204929835166,-0.9921059007492147,0.004516201573828766,131.58974361462188,246.8851447579214,0.0,2.471976071191013,0.047122668450650176,-1.0,-0.2036938044603838,-0.8575238205499685,0.21898645020571167,1.2265995547671593,0.21615327039066257,-1.0,-0.2036938044603838,145.7721268100007,0.0,6.869171601013792,181,True
brain_anterior_cingulate_cortex_ba24,excluded_at_or_below_-1,ENSG00000276103.1,U4,0.8254258004198077,8.105369158471253,-0.6691329613444839,0.14164567255598787,70.30568916701074,8.931639614304084,0.0,1.330962134083135,0.41241898067511173,-0.8024402860970534,0.2254476973736245,-0.5566156148073033,0.2044216727842996,1.6373880517304902,2.7251266509379315,-0.8024402860970534,0.2254476973736245,8.105250835546835,0.0,3.3427592877123233,105,True
brain_anterior_cingulate_cortex_ba24,raw,ENSG00000276103.1,U4,2.6923076613019066,134.51483285314157,-0.9866410931575473,0.007357754835669194,514.3076944810316,232.97221022636606,0.0,2.567678273743056,0.037650970995747525,-1.0,0.2254476973736245,-0.8001915860719608,0.26002107051253726,1.2579714716231214,1.3192666605297756,-1.0,0.2254476973736245,132.2355961067755,0.0,4.978798593621606,233,True
brain_caudate_basal_ganglia,excluded_at_or_below_-1,ENSG00000276103.1,U4,1.723347224932878,10.174670238054649,-0.6788715504195117,0.12271446883858982,238.60864910626066,10.081187401381264,0.0,2.164912372351013,0.09599872007433596,-0.866725831359478,0.1958955923498446,-0.5377979899562831,0.2328685843040573,1.217425724258072,0.8790089305256448,-0.866725831359478,0.1958955923498446,10.174646125976063,0.0,0.9767530053030029,151,True
brain_caudate_basal_ganglia,raw,ENSG00000276103.1,U4,3.8717948956009556,171.47602655286917,-0.9877806442707973,0.00668229534313682,826.3589744178593,250.50838092736214,0.0,2.5860542984602835,0.03534692800058141,-1.0,0.1958955923498446,-0.7673583216113292,0.28423315178592073,1.145373907150264,0.7212714138070364,-1.0,0.1958955923498446,171.25417312911236,0.0,6.0533089273938305,300,True
brain_cerebellar_hemisphere,excluded_at_or_below_-1,ENSG00000276103.1,U4,0.810649101433462,11.453405974988978,-0.27219200916697817,0.7753981439934096,200.42769285595472,4.108140666225933,0.0,0.877295993970056,0.6805050861988343,-0.7532040030809296,1.9802575024259956,0.00983613446577073,0.5308085911849479,1.0414757576934903,1.1656040468438666,-0.7532040030809296,1.9802575024259956,11.450861790421555,0.0,7.792369689741759,219,True
brain_cerebellar_hemisphere,raw,ENSG00000276103.1,U4,-3.87655482682663,6995744380555.268,-87.05902633818727,16.74559414752584,2548.33530578258,7.519623471227362,0.0,-7.267932158147393,1.0,-1.0,1.9802575024259956,-0.2016096987436686,0.6260796691022005,0.6714201788736845,0.3346263565985721,-1.0,1.9802575024259956,20.002639069554306,0.0,20.002639069554306,277,True
brain_cerebellum,excluded_at_or_below_-1,ENSG00000276103.1,U4,-0.11155759031342642,11.858810594253177,-0.04108091660806856,0.8543428186642127,217.62228552473772,3.1541608940189314,0.0,1.1223419074312964,0.529432222211829,-0.7191006826544477,1.8643842694241717,0.09958537567611772,0.48360783860889367,0.5338911764147309,-0.0816420922335106,-0.7191006826544477,1.8643842694241717,11.776819213516433,0.0,6.235027566798969,237,True
brain_cerebellum,raw,ENSG00000276103.1,U4,-0.5046764834486004,12.753876912626035,-0.09353611971724327,1.0142957935852768,865.5496475187784,2.729891601525015,0.0,1.2638655522428113,0.43634953594780757,-1.0,1.8643842694241717,-0.02029423295022593,0.5711150883341901,0.14631909714823552,-0.29919243648215943,-1.0,1.8643842694241717,12.446641160270461,0.0,5.431086094392898,266,True
brain_cortex,excluded_at_or_below_-1,ENSG00000276103.1,U4,2.494036415612259,21.97281825925932,-0.6759462290754419,0.04752432930374442,326.53207803050867,40.673361810854466,0.0,4.99775518606332,3.770945143483954e-06,-0.8438946702171122,0.6908729643042328,-0.4578679112599087,0.27252758669761723,1.4040380932169387,2.2268038459956374,-0.8438946702171122,0.6908729643042328,21.959779873345965,0.0,8.280912526537065e-05,148,True
brain_cortex,raw,ENSG00000276103.1,U4,3.794871794868626,169.9831673399709,-0.9843414764353454,0.009087701210380227,1096.3589743602954,260.69419836020865,0.0,2.4367544529940326,0.052387042636317556,-1.0,0.6908729643042328,-0.7028312995054314,0.3371245726517928,1.084872417080861,0.9587842891585416,-1.0,0.6908729643042328,166.65224576053936,0.0,8.730418304095446,270,True
brain_frontal_cortex_ba9,excluded_at_or_below_-1,ENSG00000276103.1,U4,0.7746838165582649,9.625725219064813,-0.6042074570386531,0.1547059694605816,115.51258354308693,9.369804679285993,0.0,2.2614369385222615,0.07753636490823129,-0.8515942755902894,0.420789583813379,-0.5089169342061409,0.22486097282697956,1.711327877685406,3.796050766570124,-0.8515942755902894,0.420789583813379,9.625337450641279,0.0,0.7463136769377868,113,True
brain_frontal_cortex_ba9,raw,ENSG00000276103.1,U4,2.897435897435861,175.19889969649927,-0.9846878230130964,0.006666373771340889,563.589743589752,298.1598809967672,0.0,3.248345968453077,0.005249606557019739,-1.0,0.420789583813379,-0.7937086006144756,0.28301919929199987,1.3601852593490866,1.7760728430024173,-1.0,0.420789583813379,170.6557346501763,0.0,0.8958754636125854,269,True
brain_hippocampus,excluded_at_or_below_-1,ENSG00000276103.1,U4,1.0546350923333978,11.964310113829374,-0.7018219205822273,0.0650680854098527,95.43090215368711,20.93838378054137,0.0,2.557204124102415,0.038020963872483916,-0.8194790982423763,0.2615548850328708,-0.571124837271746,0.21649425943139813,1.7500076350235387,3.264111134079621,-0.8194790982423763,0.2615548850328708,11.963964641677439,0.0,0.4548814674128929,93,True
brain_hippocampus,raw,ENSG00000276103.1,U4,2.384615397778655,161.17505867164667,-0.9847872094987924,0.005644894457154226,535.2307692307763,312.2456773676773,0.0,3.8112554294229377,0.0007059972352137582,-1.0,0.2615548850328708,-0.8435867053579309,0.24446040713615746,1.730977639659705,3.1460204668316765,-1.0,0.2615548850328708,160.0612184991326,0.0,0.11300277772533285,255,True
brain_hypothalamus,excluded_at_or_below_-1,ENSG00000276103.1,U4,0.18255644477719207,9.367145058513191,-0.8213590230519808,0.3240264400610804,66.3418533999482,4.808075249981803,0.0,-0.20076471845363436,1.0,-0.775359551160879,0.2802733953100058,-0.5758066675395586,0.1957705471828821,2.2565115586708684,6.384578997337817,-0.775359551160879,0.2802733953100058,9.1801668327319,0.0,9.1801668327319,93,True
brain_hypothalamus,raw,ENSG00000276103.1,U4,2.432864350707938,161.0676385058142,-0.9839967242393328,0.008894572136775135,505.57292133036776,201.0156218956674,0.0,2.5444787309733177,0.03981678669052443,-1.0,0.2802733953100058,-0.8464981326115911,0.23555763890051082,1.6960668708685518,3.4609350023888954,-1.0,0.2802733953100058,158.87298793663263,0.0,6.325811871559161,257,True
brain_nucleus_accumbens_basal_ganglia,excluded_at_or_below_-1,ENSG00000276103.1,U4,0.18735960012438582,12.641113055449969,-0.8645210063011302,0.6573975041699015,98.78500168444633,3.6649182525024577,0.0,-0.11104067055582023,1.0,-0.8129037247059404,0.8391170977904028,-0.43845270048778495,0.3007394706294596,1.3041294346052976,2.117592605545078,-0.8129037247059404,0.8391170977904028,12.548104154207026,0.0,12.548104154207026,170,True
brain_nucleus_accumbens_basal_ganglia,raw,ENSG00000276103.1,U4,4.358974389522863,141.2046053852848,-0.9823902073527351,0.010891571413042303,1018.9743593086235,236.51319329462567,0.0,2.286539439342809,0.07363962392285656,-1.0,0.8391170977904028,-0.6650419616944682,0.36053547152075155,1.0554891203754764,0.9849890942934758,-1.0,0.8391170977904028,140.42178822424395,0.0,10.340607675408318,285,True
brain_putamen_basal_ganglia,excluded_at_or_below_-1,ENSG00000276103.1,U4,1.2504091497771384,7.188497693643861,-0.7271446791193635,0.09246909201138329,75.32567336320037,11.58635150556725,0.0,1.380636114246449,0.3855569248635548,-0.8174182921571749,0.0304349622798596,-0.5941427579917353,0.19310683595392145,1.3030231913124921,1.226138716933864,-0.8174182921571749,0.0304349622798596,7.18841424921082,0.0,2.771542892571083,101,True
brain_putamen_basal_ganglia,raw,ENSG00000276103.1,U4,2.5897435981947843,166.92452797344092,-0.9858395177729431,0.003965912955713012,381.43589743589746,362.3955363705018,0.0,5.049517283630492,2.9352429264403707e-06,-1.0,0.0304349622798596,-0.8386158210912018,0.23312927494695004,1.40695063020379,1.4287439630847754,-1.0,0.0304349622798596,165.24838777854745,0.0,0.0004850441613326595,254,True
brain_spinal_cord_cervical_c-1,excluded_at_or_below_-1,ENSG00000276103.1,U4,0.10649563380794813,3228000608734.6265,-12.080344917372,2.172853028261811,25.98876068079225,8.161788634062637,0.0,-7.379648219956478,1.0,-0.7419647682435606,0.4597463541308675,-0.5002548127049856,0.24433882695178444,1.8600598508263004,4.4752567701660775,-0.7419647682435606,0.4597463541308675,4.81138153301301,0.0,4.81138153301301,37,True
brain_spinal_cord_cervical_c-1,raw,ENSG00000276103.1,U4,0.9487179487179626,170.12060819295107,-0.9827560896737391,0.006445546479558595,91.89743589743655,316.4986128413602,0.0,3.783476223324656,0.0007797623002309841,-1.0,0.4597463541308675,-0.909359941520022,0.21874969901259017,2.8355060237125036,9.357679107269705,-1.0,0.4597463541308675,169.98036106798793,0.0,0.1325442773404676,204,True
brain_substantia_nigra,excluded_at_or_below_-1,ENSG00000276103.1,U4,0.5819248207148895,4.206573391002661,-0.7031040212319469,0.07816722044254779,37.67956353700216,14.481900318147494,0.0,2.4680109304420825,0.04757157131615464,-0.8395173321966373,0.0973478516068975,-0.5728255726818582,0.21112805212473038,1.4576103011664678,1.8169583389180906,-0.8395173321966373,0.0973478516068975,4.206493302943936,0.0,0.2001094961519243,48,True
brain_substantia_nigra,raw,ENSG00000276103.1,U4,1.2307692307692308,152.77054055359537,-0.9868944099842669,0.0016772241461011793,122.92307692378982,914.2189580353215,0.0,11.050462865226427,0.0,-1.0,0.0973478516068975,-0.8879542485722908,0.21682706072699115,2.1245167748163003,4.467471245743406,-1.0,0.0973478516068975,148.5174826170148,0.0,0.0,183,True
breast_mammary_tissue,excluded_at_or_below_-1,ENSG00000276103.1,U4,6.587354470105414,36.974653511011724,-0.5759877207796533,0.07257567712742026,1664.1404635335628,44.66583684305873,0.0,3.145563170665913,0.007106457915080844,-0.7374141015838886,1.7162073476287314,-0.14220969430319502,0.4376368013313778,0.8923763067071263,0.3421769772812775,-0.7374141015838886,1.7162073476287314,36.95497021157837,0.0,0.2626189405616479,341,True
breast_mammary_tissue,raw,ENSG00000276103.1,U4,8.743589768329771,210.55117112783842,-0.9726590675029069,0.013268509344366968,3705.435897436074,286.5906977940263,0.0,2.914111641465741,0.01432252111893477,-1.0,1.7162073476287314,-0.4309212174268278,0.5399603357669313,0.7203363401002512,-0.15166071179696283,-1.0,1.7162073476287314,210.52985341485686,0.0,3.0153182717005276,514,True
cells_cultured_fibroblasts,excluded_at_or_below_-1,ENSG00000276103.1,U4,1.6009809569913602,16.394588941327587,-0.5425268160867527,0.1355311933900939,193.50349046799153,10.947872930128884,0.0,1.6092810520497298,0.2739305437259816,-0.6967523074039014,0.5066628698144664,-0.42090628393573265,0.22585725388563246,1.5366536553230785,2.3334459285135276,-0.6967523074039014,0.5066628698144664,16.39439126535534,0.0,4.490924513375271,188,True
cells_cultured_fibroblasts,raw,ENSG00000276103.1,U4,4.820512821368779,475.19415562964645,-0.9825897923085944,0.007685878418714671,1777.7435897708133,274.0248020898152,0.0,3.203505246838903,0.005913207775100053,-1.0,0.5066628698144664,-0.8330220573311621,0.28908998969595345,1.6603376707458508,2.1826884884128486,-1.0,0.5066628698144664,474.8824786325973,0.0,2.8080787649090597,652,True
cells_ebv-transformed_lymphocytes,excluded_at_or_below_-1,ENSG00000276103.1,U4,0.10807559471423517,12.403212279291619,-0.4847470748013193,0.6061180143567869,409.26347594494644,3.5955525776059485,0.0,0.6122825546006253,0.8288084629679928,-0.7471653517107052,1.0562713730750826,-0.27977226686903234,0.3223523636931953,0.9293813866782659,0.9847199814700116,-0.7471653517107052,1.0562713730750826,12.383873359780061,0.0,10.263859044909585,220,True
cells_ebv-transformed_lymphocytes,raw,ENSG00000276103.1,U4,5.641025657128595,133.67237621017705,-0.9795196784694671,0.009928940965499263,1692.9743589743703,289.9647933506792,0.0,2.9170833597342267,0.014199486602001004,-1.0,1.0562713730750826,-0.5154431153247313,0.42936173547987,0.5277522794162939,-0.2882082249973785,-1.0,1.0562713730750826,133.65390476590545,0.0,1.8978168300285922,327,True
cervix_ectocervix,excluded_at_or_below_-1,ENSG00000276103.1,U4,0.41025641025641024,5.410405999149964,-0.5936625937923636,0.003955672116927278,13.435897435897438,445.287701854967,0.0,4.719280045308033,1.4911256827825495e-05,-0.6068628097879383,0.6518438792771031,-0.12349917716301681,0.4042338572001805,0.39661146255491003,-1.111827115112028,-0.6068628097879383,0.6518438792771031,5.290518210809275,0.0,7.888827579366486e-05,20,True
cervix_ectocervix,raw,ENSG00000276103.1,U4,0.5128205128205128,4.119484884236625,-0.9814605726527389,0.005165538146806028,27.743589743589745,447.1637304298616,0.0,5.0756976036154615,2.601394367063701e-06,-1.0,0.6518438792771031,-0.2695826476358474,0.49631427877549633,0.12692993967647476,-0.9522846025134672,-1.0,0.6518438792771031,4.030288685227838,0.0,1.048437028339233e-05,24,True
cervix_endocervix,excluded_at_or_below_-1,ENSG00000276103.1,U4,0.11244456719109575,0.8123566522004164,-0.10252604441173255,0.39548059061575563,14.153946639656091,4.938873788947489,0.0,1.9708902201409355,0.1433834333752887,-0.6536795964906801,1.2786152308508578,0.009236141449675106,0.46713496232597057,1.1857521967441103,1.597241079708997,-0.6536795964906801,1.2786152308508578,0.8123514036828182,0.0,0.11647773336727762,16,True
cervix_endocervix,raw,ENSG00000276103.1,U4,0.41025641026139165,12.390297660174094,-0.9816884856855626,0.012800260604901038,19.43589743594633,249.72555400818976,0.0,2.023114426369665,0.12958333960353544,-1.0,1.2786152308508578,-0.2979226842089217,0.6117470772574836,0.5710466469614683,0.030483966410547847,-1.0,1.2786152308508578,12.352380335966803,0.0,1.6006626959876193,23,True
colon_sigmoid,excluded_at_or_below_-1,ENSG00000276103.1,U4,3.863971191493673,31.142798810149685,-0.537933917296643,0.1313824758003724,879.9384110962104,21.581416502562075,0.0,3.093479135393759,0.008355805534941368,-0.8253225822468128,1.4670107436976236,-0.26603057106400707,0.3593835393989012,1.1997169974487962,1.6644444850798887,-0.8253225822468128,1.4670107436976236,31.14255363962386,0.0,0.26022112207417747,281,True
colon_sigmoid,raw,ENSG00000276103.1,U4,7.205128262725503,216.5314682287067,-0.9783020453107786,0.012872715971927122,3572.3589743591992,268.6452896188891,0.0,2.383765932859317,0.05878911171740847,-1.0,1.4670107436976236,-0.5077675190190596,0.45364278829946175,0.7517918102592427,0.3125419873970099,-1.0,1.4670107436976236,214.94119765367572,0.0,12.636202081535515,419,True
colon_transverse,excluded_at_or_below_-1,ENSG00000276103.1,U4,1.2827045103927839,17.988548809070064,-0.4616982365689897,0.3894422076108983,806.3869119432933,4.794976218577597,0.0,1.4125255031160198,0.3687535950311434,-0.8506755911045503,0.8587290126727141,-0.33772885876955877,0.30525469714197034,0.9616981198807711,0.6574498388536729,-0.8506755911045503,0.8587290126727141,17.988276996019852,0.0,6.633241810698338,319,True
colon_transverse,raw,ENSG00000276103.1,U4,8.179487179487174,189.8425026167312,-0.9811782308991994,0.009333289075456429,2935.7435897441637,278.789369570732,0.0,2.8519422161908565,0.017140485461904775,-1.0,0.8587290126727141,-0.5589467765083284,0.39970404387777086,0.5928024409340886,-0.26730646424390514,-1.0,0.8587290126727141,189.75231860153832,0.0,3.252446858352391,479,True
esophagus_gastroesophageal_junction,excluded_at_or_below_-1,ENSG00000276103.1,U4,4.355226009271177,17.756326505434334,-0.5628905105282217,0.10636593253881546,345.0228184031797,16.746851920069084,0.0,2.819155169503632,0.01880245538085243,-0.7749250126388492,0.6966749249626754,-0.28594526597444425,0.33321065329146604,0.8300518263951951,-0.18800691260638525,-0.7749250126388492,0.6966749249626754,17.75543653520399,0.0,0.3338458032207301,265,True
esophagus_gastroesophageal_junction,raw,ENSG00000276103.1,U4,6.7948717716525815,143.08241821755718,-0.9811820068050011,0.008120298374173966,1650.358974359091,292.21192612505865,0.0,3.277300902840193,0.004724976221191227,-1.0,0.6966749249626754,-0.5304602865588778,0.4336010823299188,0.586045566793623,-0.5166005701990151,-1.0,0.6966749249626754,140.8876778789695,0.0,0.6656909278369776,403,True
esophagus_mucosa,excluded_at_or_below_-1,ENSG00000276103.1,U4,5.867646184304308,25.685785098486306,-0.5384189772759507,0.1626064686498628,1110.1126021627604,12.532180530266874,0.0,2.375988590965515,0.059451539914132906,-0.8116104701371536,0.902532852580458,-0.28409469121472414,0.34214759488619184,0.8709329215331945,0.08657722771795706,-0.8116104701371536,0.902532852580458,25.684060646281957,0.0,1.5269569566694416,406,True
esophagus_mucosa,raw,ENSG00000276103.1,U4,10.410256463329587,229.20492583712308,-0.9797490932296566,0.009164652332305382,4255.43589743606,290.4582257410158,0.0,3.1249529132731166,0.007706455934349068,-1.0,0.902532852580458,-0.5266163593374233,0.4385614752788148,0.6257938634477459,-0.3781416110571696,-1.0,0.902532852580458,225.34847668437007,0.0,1.736638105440786,614,True
esophagus_muscularis,excluded_at_or_below_-1,ENSG00000276103.1,U4,3.560233355927921,25.97986153681666,-0.48866978837315717,0.1842982990725891,896.2108347206754,11.162231394089082,0.0,2.759411306791382,0.022211271734018503,-0.8482723433295323,0.9659763234441124,-0.2986119888183631,0.32238640525409923,1.2938763076648903,1.7442255130803792,-0.8482723433295323,0.9659763234441124,25.979342027069688,0.0,0.577034225234252,329,True
esophagus_muscularis,raw,ENSG00000276103.1,U4,8.435897435897436,258.6330147601241,-0.9771485041697721,0.004514297582613844,3641.589743589743,608.7311335386778,0.0,7.158787105237557,7.445796559406555e-12,-1.0,0.9659763234441124,-0.5886690629612147,0.42473231593802263,0.833819309117346,0.2657668511169362,-1.0,0.9659763234441124,258.44050053558675,0.0,1.924295389699182e-09,561,True
fallopian_tube,excluded_at_or_below_-1,ENSG00000276103.1,U4,0.34617523513138043,1.3704881439699308,-0.19546782116918124,0.18803026146204058,20.334723783625208,10.143424359759821,0.0,3.3862121262356117,0.003236655995817722,-0.6456900283396414,1.1531762487445665,0.06678892344079863,0.4984401631443034,0.828094657071871,-0.4095433476044401,-0.6456900283396414,1.1531762487445665,1.3704858145307763,0.0,0.004435791128784172,24,True
fallopian_tube,raw,ENSG00000276103.1,U4,0.6153846153846154,7.666876793105299,-0.9800265166481319,0.00928548751833329,41.23076923076923,324.8945492795892,0.0,3.0420342484198835,0.01007690880555356,-1.0,1.1531762487445665,-0.11714020129037356,0.6101318646842245,0.3473463471132135,-0.4781131775539187,-1.0,1.1531762487445665,7.444175242073136,0.0,0.07501427504693026,29,True
heart_atrial_appendage,excluded_at_or_below_-1,ENSG00000276103.1,U4,1.6692153743413187,22.11199160748917,-0.6720290482088018,0.11579246867768804,349.8448853283468,15.467867660134639,0.0,2.5883701632640976,0.03509059945883409,-0.8839586881375061,0.5944434487323986,-0.5587127054788059,0.22075023713178107,1.7777724763565386,4.557231927758788,-0.8839586881375061,0.5944434487323986,22.11181371786646,0.0,0.775916798482005,189,True
heart_atrial_appendage,raw,ENSG00000276103.1,U4,4.8461538997151985,290.24157395148177,-0.982157658414676,0.007253108834203485,1859.076923076948,307.40620596584273,0.0,3.4789056708301884,0.0023827204523687,-1.0,0.5944434487323986,-0.8190817816388164,0.25908285251263036,1.5601423624574315,2.791299809061549,-1.0,0.5944434487323986,286.8139229626126,0.0,0.6833974002671175,461,True
heart_left_ventricle,excluded_at_or_below_-1,ENSG00000276103.1,U4,1.1741552848527266,13.263319397159476,-0.7455266446525523,0.09768443167127228,198.55274734917677,12.344158417812638,0.0,2.2530064356623787,0.07902760302197263,-0.9011492882722972,0.1071254098792646,-0.6600066826103382,0.16614176623705287,1.678907348572818,3.8826265186180624,-0.9011492882722972,0.1071254098792646,13.262511455279483,0.0,1.0481044903621917,137,True
heart_left_ventricle,raw,ENSG00000276103.1,U4,,,,,,,,,,,,,,,,,,,,,452,False
kidney_cortex,excluded_at_or_below_-1,ENSG00000276103.1,U4,0.6681270800231143,2.445671704138568,-0.6540409218086006,0.21191551009622772,41.02334587208864,6.286125737712421,0.0,1.3454824499713278,0.40448164543590714,-0.8556572881746121,0.2879154967120938,-0.48487192501501103,0.27270192422644407,0.9043681506228459,0.20291847695307563,-0.8556572881746121,0.2879154967120938,2.445640892196775,0.0,0.9892168522210916,56,True
kidney_cortex,raw,ENSG00000276103.1,U4,1.435897442235888,57.428725353266515,-0.9856205158225269,0.0037547204244334775,99.58974358976002,479.6766995957522,0.0,5.416025494569432,4.407876404902671e-07,-1.0,0.2879154967120938,-0.722623344238852,0.32603241250164133,1.0261311986621837,0.2602260846765869,-1.0,0.2879154967120938,55.62213086761444,0.0,2.451754782417659e-05,104,True
kidney_medulla,excluded_at_or_below_-1,ENSG00000276103.1,U4,,,,,,,,,,-0.70928543481711,-0.650604147560147,,,,,,,,,,3,False
kidney_medulla,raw,ENSG00000276103.1,U4,0.07692307692376264,8.56725366503448,-0.9960834945066435,0.0016128993735842038,4.769230769234611,302.9213018328624,0.0,3.4340488170102454,0.0027789605537949062,-1.0,-0.650604147560147,-0.914840064491636,0.1465669175400455,1.0543935870808485,-0.8352510558833868,-1.0,-0.650604147560147,8.476349774407524,0.0,0.023555441663246524,11,True
liver,excluded_at_or_below_-1,ENSG00000276103.1,U4,0.48550564419260056,5.099991794691395,-0.6452210759746188,0.14451641357185166,38.46228221779343,8.69543051153322,0.0,2.079439647776138,0.1150936826013293,-0.8577159693423865,0.2433522381444761,-0.5648150013832961,0.18671316260049786,1.5841243204218143,3.916102081781256,-0.8577159693423865,0.2433522381444761,5.099860352069591,0.0,0.586961708672201,66,True
liver,raw,ENSG00000276103.1,U4,,,,,,,,,,,,,,,,,,,,,262,False
lung,excluded_at_or_below_-1,ENSG00000276103.1,U4,-0.12758822264416694,23.46398205005329,-0.42207499288174455,1.039148117896448,519.6016121637743,2.944441083201094,0.0,0.3690915658037966,0.933280537428338,-0.6932792976211748,1.741466986401147,-0.005808506409921258,0.4798883407921579,0.8061375374479502,0.2789281797453187,-0.6932792976211748,1.741466986401147,23.15649118743801,0.0,21.611502540366722,451,True
lung,raw,ENSG00000276103.1,U4,11.564102581313495,17844.765864428,-1.0122761813602381,0.02116181271604131,4423.589743872348,184.02870242719513,0.0,-0.8203995757244341,1.0,-1.0,1.741466986401147,-0.2576484046206531,0.5992696411124803,0.4855057553505651,-0.3449755680398736,-1.0,1.741466986401147,12745.55399372398,0.0,12745.55399372413,604,True
minor_salivary_gland,excluded_at_or_below_-1,ENSG00000276103.1,U4,0.2693222873647282,6.334808109251218,-0.520174021437127,0.7303298768693858,119.1506559178637,3.056313338902034,0.0,0.43037599792865355,0.9107110005186952,-0.7424293143699282,1.0581710064022474,-0.20811473138879255,0.3784194317312071,0.822804959615154,0.15340966066065453,-0.7424293143699282,1.0581710064022474,6.275467352043291,0.0,5.715137150901753,132,True
minor_salivary_gland,raw,ENSG00000276103.1,U4,3.384615388957215,90.66365450344789,-0.9797565478307972,0.006616409208766175,457.23076923180554,435.59349118124595,0.0,4.326903567120293,8.628320365290503e-05,-1.0,1.0581710064022474,-0.4224925112890642,0.47823767832858755,0.4964118594107168,-0.4049672516138103,-1.0,1.0581710064022474,90.37655815755038,0.0,0.007797978972956532,181,True
muscle_skeletal,excluded_at_or_below_-1,ENSG00000276103.1,U4,1.64284163322236,21.55738728689042,-0.6780578291858583,0.08685365062477947,186.212817009142,14.110468659059725,0.0,3.2719796927651377,0.004734402356207215,-0.8790058250528529,0.1885338565913374,-0.5884837818794602,0.1857164112212779,1.7534953485637286,3.525623482491369,-0.8790058250528529,0.1885338565913374,21.55683162451281,0.0,0.10205871443545567,190,True
muscle_skeletal,raw,ENSG00000276103.1,U4,5.000049300016915,582.0383061394161,-0.985150775782356,0.011990969040059566,3564.9369554592977,138.42423573161958,0.0,1.7513158618919233,0.2171545376114105,-1.0,0.1885338565913374,-0.9044155483583098,0.19548395623551562,2.2524535966139965,5.378823139425535,-1.0,0.1885338565913374,578.320760455252,0.0,125.58497732773952,818,True
nerve_tibial,excluded_at_or_below_-1,ENSG00000276103.1,U4,0.9783530760289282,30.479159961766914,-0.17997774557368973,0.6826581476258443,1682.3788043937948,4.626633390650864,0.0,1.2309090102652152,0.4687933555049313,-0.7741525485882923,2.053354662090176,-0.008117731870130162,0.45328839435897017,0.8883029061726485,0.7175076537616363,-0.7741525485882923,2.053354662090176,30.47845178098653,0.0,14.288095681003925,504,True
nerve_tibial,raw,ENSG00000276103.1,U4,-5.996209649774232,7872311567392.127,-67.00444159859498,13.045211135628545,21779.493392838776,7.486461586867477,0.0,-7.1554515687873845,1.0,-1.0,2.053354662090176,-0.25386766695902335,0.58148322905157,0.42832108372793043,-0.24512679811848503,-1.0,2.053354662090176,54.67056242073621,0.0,54.67056242073627,670,True
ovary,excluded_at_or_below_-1,ENSG00000276103.1,U4,-0.11486850644349986,7.781138881480817,-0.05416084380005206,0.8547623934860972,193.74524631224682,2.676525819414105,0.0,0.9579570471798676,0.6214845792303064,-0.6331580195380094,1.5635535357670252,0.11710003909421808,0.45629964854936517,0.55955734848827,-0.2808178399611947,-0.6331580195380094,1.5635535357670252,7.5646428732924935,0.0,4.701308893135722,173,True
ovary,raw,ENSG00000276103.1,U4,0.919687681327106,8.07934586195501,-0.022944603940389614,0.7194038585571509,556.4984308374371,3.118758899005365,0.0,1.920708341860453,0.15154118949127798,-1.0,1.5635535357670252,0.0013383770119156835,0.5504917986632224,0.05453473283598694,-0.29785901742695753,-1.0,1.5635535357670252,8.016909577097687,0.0,1.214892013357402,193,True
pancreas,excluded_at_or_below_-1,ENSG00000276103.1,U4,1.3476264629995534,14.07888765557112,-0.6660929552439385,0.12783992368778765,140.23454721472075,10.87505872611483,0.0,2.286232251532872,0.07328287606528705,-0.8727602962628437,0.3169740401777554,-0.5668571361828627,0.20242642421498053,1.5184506019687645,2.8945331833516335,-0.8727602962628437,0.3169740401777554,14.078878614057196,0.0,1.0317407166121737,160,True
pancreas,raw,ENSG00000276103.1,U4,4.102564102564103,227.58431036747288,-0.983552117803337,3.823162822657802e-05,1171.5897435897436,48107.334585327386,,608.4181907446281,,-1.0,0.3169740401777554,-0.8085556403018179,0.2538657019421852,1.282142286522678,1.4105080322802674,-1.0,0.3169740401777554,0.0,0.0,0.0,362,True
pituitary,excluded_at_or_below_-1,ENSG00000276103.1,U4,3.164585688550832,11.031807467701011,-0.5161650149393968,0.13438715741156831,183.13594224554816,12.651776898157864,0.0,2.223693784528855,0.08438694318667915,-0.7274738968561769,0.6860836261327012,-0.2608338123731897,0.3238620098724965,0.7110010179461582,-0.44006501512961016,-0.7274738968561769,0.6860836261327012,11.031096680921394,0.0,0.9308805288996789,200,True
pituitary,raw,ENSG00000276103.1,U4,5.128205140755893,121.9066984556434,-0.9824970615348545,0.010216340834622417,898.3589776999794,230.9759899959813,0.0,2.4228726663958766,0.05331462817163108,-1.0,0.6860836261327012,-0.5276893369796739,0.43970615858628787,0.5059600765351251,-0.7421019160252418,-1.0,0.6860836261327012,121.46723338368714,0.0,6.4759803828880065,313,True
prostate,excluded_at_or_below_-1,ENSG00000276103.1,U4,0.8363957189435577,9.715929710360095,-0.40767990704700213,0.6668512158591481,368.82718618048654,3.8806201934005897,0.0,0.7803579861259947,0.7373681151464268,-0.775646023126597,1.422168400951361,-0.1336102585779717,0.4454639119075023,0.9590821727124094,0.4749015213387038,-0.775646023126597,1.422168400951361,9.71068855819249,0.0,7.160352118928369,197,True
prostate,raw,ENSG00000276103.1,U4,5.051282037518373,103.09572241850304,-0.9727751920743966,0.0060530896783028065,1047.8974358974358,559.5426287035003,0.0,6.360667799024951,1.6923388923383101e-09,-1.0,1.422168400951361,-0.39475610262361854,0.5450061895024806,0.698289038811237,-0.07603526162747087,-1.0,1.422168400951361,99.85955834315232,0.0,1.6899621435584322e-07,282,True
skin_not_sun_exposed_suprapubic,excluded_at_or_below_-1,ENSG00000276103.1,U4,-1.7556173039274954,31.67126328409782,0.1849058842267888,1.145862909781589,929.381507777133,2.9322471745172765,0.0,1.0649952838180725,0.5612061329203081,-0.6780038115137039,2.5607516326957125,0.3274743289122933,0.5823203478641604,0.33358888224737715,-0.4003614980169208,-0.6780038115137039,2.5607516326957125,31.240998961842376,0.0,17.53264021594292,609,True
skin_not_sun_exposed_suprapubic,raw,ENSG00000276103.1,U4,-1.2250181385817804,33.98769105695694,0.20637896321375965,1.102876228054843,2297.0031353135373,3.0190022011212982,0.0,1.5469346856333306,0.29485113332073765,-1.0,2.5607516326957125,0.24183082382117763,0.6509258578602413,0.07222430103459875,-0.3895722228856653,-1.0,2.5607516326957125,33.63110473700297,0.0,9.916169346533755,651,True
skin_sun_exposed_lower_leg,excluded_at_or_below_-1,ENSG00000276103.1,U4,0.08867007823269202,35.31474492549008,0.2892294401526143,0.8870105544148656,930.9669072349943,3.1483939373552166,0.0,1.6127351689827896,0.2672489267871861,-0.7222960850045124,2.2639373104432106,0.3464251188089317,0.5663995627437559,0.3354548934819619,-0.14688991545997077,-0.7222960850045124,2.2639373104432106,35.066128951139966,0.0,9.371385328773231,707,True
skin_sun_exposed_lower_leg,raw,ENSG00000276103.1,U4,1.903473370204752,36.46535898150153,0.27739796809899486,0.8731132698432681,2614.330635119377,3.217670578566777,0.0,2.069048304989934,0.11258827928577941,-1.0,2.2639373104432106,0.2624967625967038,0.6378750327010069,0.030057714139340365,-0.1849869245646092,-1.0,2.2639373104432106,36.259192425468605,0.0,4.082360083475477,754,True
small_intestine_terminal_ileum,excluded_at_or_below_-1,ENSG00000276103.1,U4,-0.08008272505052189,7.004434401023306,-0.5809774315644847,0.8487665833912865,167.24663719988578,2.634408428377998,0.0,0.3077371239226588,0.9522687125703001,-0.765671592477635,1.000111804533299,-0.22837317756556214,0.3755900090489812,0.7543038707507239,0.06511862603579432,-0.765671592477635,1.000111804533299,6.786478777216557,0.0,6.462551408065675,144,True
small_intestine_terminal_ileum,raw,ENSG00000276103.1,U4,3.6923076746364436,70.35036152789621,-0.9766863902969197,0.0040845009106765355,530.3076923077164,684.4446551342538,0.0,8.072081204288066,7.096821202683762e-15,-1.0,1.000111804533299,-0.4632161235238693,0.47391728405262973,0.5499062385532072,-0.4514209412479384,-1.0,1.000111804533299,70.33519058965541,0.0,4.991562718714704e-13,207,True
spleen,excluded_at_or_below_-1,ENSG00000276103.1,U4,1.2809060726141972,9.925251862986096,-0.5016170072333399,0.3640007036072463,246.36346556594833,6.337286313442193,0.0,0.7932122008957406,0.7300930327693613,-0.7057798062036766,1.1295204237941818,-0.23547807571743457,0.3871524274391219,1.2146880667733384,0.8953236590116993,-0.7057798062036766,1.1295204237941818,9.925157676569066,0.0,7.246288468800417,161,True
spleen,raw,ENSG00000276103.1,U4,4.128205130796656,128.27124247319517,-0.9776894728985558,0.011648815895994327,948.3589748120423,255.82384006038114,0.0,2.7085886061092865,0.025702891717416368,-1.0,1.1295204237941818,-0.5556388815541767,0.47924262086425923,0.9689478911953573,0.3969005997017945,-1.0,1.1295204237941818,127.3670098592157,0.0,3.273700462782524,277,True
stomach,excluded_at_or_below_-1,ENSG00000276103.1,U4,1.6270654584720587,10.690522991536808,-0.5101469057765882,0.2919649862180362,338.8552834323458,4.762484033456755,0.0,1.3794701857495475,0.38617043213298496,-0.7949391072420581,0.4730699309072235,-0.3825767347514675,0.2631156955749611,0.9062881448098328,0.1904835739294093,-0.7949391072420581,0.4730699309072235,10.690274028810036,0.0,4.1282677413255975,225,True
stomach,raw,ENSG00000276103.1,U4,5.769230784636277,202.51283389294395,-0.983971982272058,0.006397820693061284,1230.9230769233513,322.0734893053439,0.0,3.542931434979998,0.001946370130144747,-1.0,0.4730699309072235,-0.6586726420616221,0.36423480406457936,0.7161344244523324,-0.42499154591462185,-1.0,0.4730699309072235,195.66632756907606,0.0,0.38083909545556693,407,True
testis,excluded_at_or_below_-1,ENSG00000276103.1,U4,1.3869725679686664,13.131169281291362,-0.5254371390864369,0.17733722478519268,229.1666409852487,8.745956463156642,0.0,2.480914394465848,0.04607685788567317,-0.8365347592407407,0.5712739154064352,-0.4083888855730097,0.2495961601435,1.2337284106323714,1.4910710554358202,-0.8365347592407407,0.5712739154064352,13.1308585598825,0.0,0.605028703780581,172,True
testis,raw,ENSG00000276103.1,U4,4.410256401230727,261.14667508475446,-0.9830322080654462,0.008694005896077361,1165.4358976131757,252.83175858958796,0.0,2.7600719120972417,0.02261773044724215,-1.0,0.5712739154064352,-0.7542098751655981,0.33316569705558646,1.1696681919477518,0.6395318511223245,-1.0,0.5712739154064352,255.9814267860946,0.0,5.789718910548338,414,True
thyroid,excluded_at_or_below_-1,ENSG00000276103.1,U4,0.22885541748886945,28.44995817024214,-0.16444103717822073,0.8240144738113164,1052.6955598035256,3.5503199326548103,0.0,0.9605468712393499,0.629773020027722,-0.7241192539160305,1.9042104656819805,0.028605006059480066,0.46824822820872564,0.726575212836222,0.17304733236726788,-0.7241192539160305,1.9042104656819805,28.39767755748409,0.0,17.88409115715022,535,True
thyroid,raw,ENSG00000276103.1,U4,-32.03127497823146,274721878.6676426,-96.30409433849213,24.5194012599679,17912.32033247566,5.664392662739745,0.0,-5.49688556152602,1.0,-1.0,1.9042104656819805,-0.19546245871078677,0.5932614145048278,0.32927740814442436,-0.44307229105986723,-1.0,1.9042104656819805,45.819898739796386,0.0,45.819898739796464,684,True
uterus,excluded_at_or_below_-1,ENSG00000276103.1,U4,-1449.2565862246222,1455.0253680412484,-1.4989466214349152,44.59658499821132,133.42665209497898,0.08726047215371337,0.0,-0.027793686472331623,1.0,-0.6224852904482097,1.2527728974028465,0.06801145767667925,0.4696182983735594,0.3617991424287845,-0.9014522836391987,-0.6224852904482097,1.2527728974028465,4.9671465419494325,0.0,4.9671465419494325,126,True
uterus,raw,ENSG00000276103.1,U4,-2136.438385594645,2142.3019925771573,-1.4663617146319334,55.74769676990751,775.7228043857281,0.0689792990395515,0.0,-0.011830714092569776,1.0,-1.0,1.2527728974028465,-0.12046115250155826,0.5901066059414479,0.08753953924370697,-0.9047264024724764,-1.0,1.2527728974028465,4.940713213355139,0.0,4.940713213355139,153,True
vagina,excluded_at_or_below_-1,ENSG00000276103.1,U4,-0.004775624659917353,5.4196398476967,-0.36801845477783857,1.0506788292482478,152.69681114336788,2.5434817297312486,0.0,0.4073082653482426,0.9171355760463391,-0.6706249229700345,1.5216412664342776,0.03492552394590443,0.48591069796185854,0.7275654422392778,0.06441884008376642,-0.6706249229700345,1.5216412664342776,5.206240320694105,0.0,4.774828215555464,120,True
vagina,raw,ENSG00000276103.1,U4,3.076923071783625,53.73099491825697,-0.9732715823375486,0.013019294051858747,304.7692307697678,271.00851809766715,0.0,2.9033594762086845,0.01496559756088924,-1.0,1.5216412664342776,-0.26946433603818515,0.624450034007215,0.4737942813081928,-0.5301289530173086,-1.0,1.5216412664342776,53.050437153526,0.0,0.7939314928689165,170,True
whole_blood,excluded_at_or_below_-1,ENSG00000276103.1,U4,3.6648202522225137,25.26249574719772,-0.43833723091009746,0.2978379471025765,784.6404598290603,9.058449561184043,0.0,1.271692955565122,0.44548512175077853,-0.7061598775793567,1.469401524407766,-0.1576308644871306,0.43401576040941187,1.286450103205223,1.336798063792343,-0.7061598775793567,1.469401524407766,25.262241677377965,0.0,11.253952809344314,367,True
whole_blood,raw,ENSG00000276103.1,U4,9.410256410256409,464.41878677456737,-0.972214933682043,0.010574969080232784,4417.435897435898,326.52266715355336,0.0,3.7157572112188113,0.0010147267111546433,-1.0,1.469401524407766,-0.6150068832712042,0.5121234192539389,1.3308926977664581,1.3317770852568636,-1.0,1.469401524407766,459.66447875917504,0.0,0.466433824765911,803,True
adipose_subcutaneous,excluded_at_or_below_-1,ENSG00000277986.1,U4,0.2692129441006201,38.619496166509926,2.3860577672083703,1.519573080930443,761.009235369731,3.090980565814197,0.0,2.3597503377664064,0.05381062044218933,-0.1494949854955736,5.707317714403854,2.520363367766523,1.0458341000568838,0.29806922961022275,-0.3488239796028725,-0.1494949854955736,5.707317714403854,38.29413383272912,0.0,2.060631100835388,714,True
adipose_subcutaneous,raw,ENSG00000277986.1,U4,0.2692129441006201,38.619496166509926,2.3860577672083703,1.519573080930443,761.009235369731,3.090980565814197,0.0,2.3597503377664064,0.05381062044218933,-0.1494949854955736,5.707317714403854,2.520363367766523,1.0458341000568838,0.29806922961022275,-0.3488239796028725,-0.1494949854955736,5.707317714403854,38.29413383272912,0.0,2.060631100835388,714,True
adipose_visceral_omentum,excluded_at_or_below_-1,ENSG00000277986.1,U4,0.032288664871424205,50.190326261003314,3.371471783253105,1.2603278729880163,389.20947414124487,4.73445704896917,0.0,3.856940340025269,0.0005749010743341692,-0.0657809374949521,7.590755448067966,3.360066397245523,0.9161148809899978,0.1380138878852421,0.9395072781132034,-0.0657809374949521,7.590755448067966,50.18960270157014,0.0,0.02885405651353779,587,True
adipose_visceral_omentum,raw,ENSG00000277986.1,U4,0.032288664871424205,50.190326261003314,3.371471783253105,1.2603278729880163,389.20947414124487,4.73445704896917,0.0,3.856940340025269,0.0005749010743341692,-0.0657809374949521,7.590755448067966,3.360066397245523,0.9161148809899978,0.1380138878852421,0.9395072781132034,-0.0657809374949521,7.590755448067966,50.18960270157014,0.0,0.02885405651353779,587,True
adrenal_gland,excluded_at_or_below_-1,ENSG00000277986.1,U4,0.7772421610843896,19.769259153780734,1.1689225048023375,1.1321727541099942,331.5103920338357,5.192187542527023,0.0,2.220225842983371,0.08503408340700382,-0.6085171084754711,5.325616674821604,1.3832446846785007,0.9240407690100824,0.8127718907747499,1.1236802087676345,-0.6085171084754711,5.325616674821604,19.76896788818285,0.0,1.68103606427412,295,True
adrenal_gland,raw,ENSG00000277986.1,U4,0.7772421610843896,19.769259153780734,1.1689225048023375,1.1321727541099942,331.5103920338357,5.192187542527023,0.0,2.220225842983371,0.08503408340700382,-0.6085171084754711,5.325616674821604,1.3832446846785007,0.9240407690100824,0.8127718907747499,1.1236802087676345,-0.6085171084754711,5.325616674821604,19.76896788818285,0.0,1.68103606427412,295,True
artery_aorta,excluded_at_or_below_-1,ENSG00000277986.1,U4,-3.767593046976797,25.694766418175927,3.5709537843386845,2.044970830292011,294.68102918208353,2.0217123528748178,0.0,1.9105900973107561,0.036343937631408085,0.8082161599808533,6.4943756060983855,3.591991486656784,1.1151170094169542,0.05486077110283116,-0.5217966430886332,0.8082161599808533,6.4943756060983855,22.365915641479138,0.0,0.8128654431432523,472,True
artery_aorta,raw,ENSG00000277986.1,U4,-3.767593046976797,25.694766418175927,3.5709537843386845,2.044970830292011,294.68102918208353,2.0217123528748178,0.0,1.9105900973107561,0.036343937631408085,0.8082161599808533,6.4943756060983855,3.591991486656784,1.1151170094169542,0.05486077110283116,-0.5217966430886332,0.8082161599808533,6.4943756060983855,22.365915641479138,0.0,0.8128654431432523,472,True
artery_coronary,excluded_at_or_below_-1,ENSG00000277986.1,U4,-0.18788042557268708,15.14756012418667,3.2188325176383725,1.6698199978562132,217.17839386567357,2.7106607399964,0.003769926327893756,2.7679858662518466,0.0,-0.0494420034281349,6.419420909291476,3.2669053832429724,1.1349527714117853,0.08969293940231879,-0.17123816451094065,-0.0494420034281349,6.419420909291476,14.818914360513462,0.05586621539850256,0.0,268,True
artery_coronary,raw,ENSG00000277986.1,U4,-0.18788042557268708,15.14756012418667,3.2188325176383725,1.6698199978562132,217.17839386567357,2.7106607399964,0.003769926327893756,2.7679858662518466,0.0,-0.0494420034281349,6.419420909291476,3.2669053832429724,1.1349527714117853,0.08969293940231879,-0.17123816451094065,-0.0494420034281349,6.419420909291476,14.818914360513462,0.05586621539850256,0.0,268,True
artery_tibial,excluded_at_or_below_-1,ENSG00000277986.1,U4,-0.4622333302533382,37.32639118454807,2.9669673304871838,1.7941217246682444,514.1726750977647,2.4443026718637784,0.029972833728431108,2.778246233792752,0.0,-0.5576148522498681,6.067896809551604,2.9611126514682895,1.2053932008378623,-0.0877825105606968,-0.19201534334690873,-0.5576148522498681,6.067896809551604,36.53929565992701,1.0951862333689766,0.0,691,True
artery_tibial,raw,ENSG00000277986.1,U4,-0.4622333302533382,37.32639118454807,2.9669673304871838,1.7941217246682444,514.1726750977647,2.4443026718637784,0.029972833728431108,2.778246233792752,0.0,-0.5576148522498681,6.067896809551604,2.9611126514682895,1.2053932008378623,-0.0877825105606968,-0.19201534334690873,-0.5576148522498681,6.067896809551604,36.53929565992701,1.0951862333689766,0.0,691,True
bladder,excluded_at_or_below_-1,ENSG00000277986.1,U4,0.2204364112945773,4.726154082290641,2.307029693109034,1.0101265382614224,62.654207613357784,2.8561204774893008,0.016689609262723202,4.078987074746701,0.0,-0.6064574937292738,4.347063226617675,2.2458565049001815,0.8599657711435412,-0.4044532198104797,0.9005730119765558,-0.6064574937292738,4.347063226617675,4.724971139997061,0.07885792210419476,0.0,77,True
bladder,raw,ENSG00000277986.1,U4,0.2204364112945773,4.726154082290641,2.307029693109034,1.0101265382614224,62.654207613357784,2.8561204774893008,0.016689609262723202,4.078987074746701,0.0,-0.6064574937292738,4.347063226617675,2.2458565049001815,0.8599657711435412,-0.4044532198104797,0.9005730119765558,-0.6064574937292738,4.347063226617675,4.724971139997061,0.07885792210419476,0.0,77,True
brain_amygdala,excluded_at_or_below_-1,ENSG00000277986.1,U4,0.6970793557721028,8.908589012820974,0.7258122483611459,0.8776736730436356,156.3783448213904,3.6287213805487353,0.0,2.34371206837662,0.06285678455598248,-0.7287165684584787,2.977829416951956,0.7390522159947182,0.7114077777494748,0.2415593997172233,0.22422843334189402,-0.7287165684584787,2.977829416951956,8.896270619329096,0.0,0.5591909656708858,176,True
brain_amygdala,raw,ENSG00000277986.1,U4,0.9769541981618366,9.317139496284323,0.7335707056662171,0.8565006773776229,162.48505883931966,3.7056142403667147,0.0,2.862390267795383,0.015601882451986388,-1.0,2.977829416951956,0.6910120995307756,0.7574499297248867,0.048499720297555775,0.20301937502538525,-1.0,2.977829416951956,9.30742167407592,0.0,0.1452132988900029,181,True
brain_anterior_cingulate_cortex_ba24,excluded_at_or_below_-1,ENSG00000277986.1,U4,0.22917232722922665,10.707182209337907,0.20738741716076503,0.896575035288296,211.3515221440726,3.0448042069714543,0.0,1.519391878599384,0.30857901578898306,-0.7558679661959725,2.1377149942280735,0.3031675494137868,0.5788474210519925,0.3912151495990103,-0.1602070411244121,-0.7558679661959725,2.1377149942280735,10.603249855882973,0.0,3.2719404046930447,229,True
brain_anterior_cingulate_cortex_ba24,raw,ENSG00000277986.1,U4,0.24107126921455937,11.759007855973305,0.2291525400784042,0.8598804595302277,309.2778251881777,3.138942020811973,0.0,2.021541684240485,0.12324063590548057,-1.0,2.1377149942280735,0.28079557431655444,0.598385160687799,0.281999652212225,-0.13303040473134375,-1.0,2.1377149942280735,11.673677879486853,0.0,1.4386714852237015,233,True
brain_caudate_basal_ganglia,excluded_at_or_below_-1,ENSG00000277986.1,U4,0.944043379902698,17.693277101802522,0.9574345490888392,0.9339065248041796,167.3175549359322,4.190565055473327,0.0,2.651800638117837,0.029568249609345496,-0.7937393784631156,3.7247648534000137,0.9272485396934848,0.7575708305027337,0.06263294134210204,0.20557039945651434,-0.7937393784631156,3.7247648534000137,17.690532756557268,0.0,0.5230780882681881,296,True
brain_caudate_basal_ganglia,raw,ENSG00000277986.1,U4,1.269158668553576,18.427956741952915,0.9558868189309196,0.9022832246837952,191.807899156373,4.339862209313973,0.0,3.065602451789165,0.009024169843013893,-1.0,3.7247648534000137,0.9015518924975714,0.7843868439856371,-0.04461301549978493,0.22860756924857428,-1.0,3.7247648534000137,18.426456578004565,0.0,0.16628347376483377,300,True
brain_cerebellar_hemisphere,excluded_at_or_below_-1,ENSG00000277986.1,U4,1.591763225033773,16.14407936826251,1.5778082559145417,0.7909421130366139,279.66406564912864,4.236388357338684,0.0,3.420728803581659,0.0027515653039627383,-0.3353387679974663,3.947137788700611,1.5902489866969283,0.7730138106234014,0.22413923685561266,0.5053819480281541,-0.3353387679974663,3.947137788700611,16.141818591589306,0.0,0.04441526797947781,275,True
brain_cerebellar_hemisphere,raw,ENSG00000277986.1,U4,1.4338315151484162,19.27829923766494,1.5707228947289524,0.7950255227743105,224.6672771740899,4.227233059326805,0.00010294758068388149,4.572873547684527,0.0,-1.0,3.947137788700611,1.5715468279482139,0.8009294632728807,0.024684004776362466,0.8141159036484775,-1.0,3.947137788700611,19.27759991269361,0.001984582272403612,0.0,277,True
brain_cerebellum,excluded_at_or_below_-1,ENSG00000277986.1,U4,0.9287239704437211,20.488474778024955,1.8859292112500323,0.7028244060712949,94.90834700035546,4.526575883689606,0.0,4.44985375055867,1.4608452176887062e-05,-0.3255230775347926,4.135510244578779,1.8995132283145248,0.6591457874743951,0.06266582473343056,1.305283972425122,-0.3255230775347926,4.135510244578779,20.487738445668946,0.0,0.00029929414729612525,266,True
brain_cerebellum,raw,ENSG00000277986.1,U4,0.9287239704437211,20.488474778024955,1.8859292112500323,0.7028244060712949,94.90834700035546,4.526575883689606,0.0,4.44985375055867,1.4608452176887062e-05,-0.3255230775347926,4.135510244578779,1.8995132283145248,0.6591457874743951,0.06266582473343056,1.305283972425122,-0.3255230775347926,4.135510244578779,20.487738445668946,0.0,0.00029929414729612525,266,True
brain_cortex,excluded_at_or_below_-1,ENSG00000277986.1,U4,0.3307759470313611,16.806800306426034,0.9340998952884234,0.9553049650029498,271.75914399327354,4.057383414069973,0.0,2.460068657422016,0.048257448897348953,-0.72768292536267,3.6748730171905706,0.9974747949725493,0.7155082595307184,0.36533761198653514,0.4356432411256619,-0.72768292536267,3.6748730171905706,16.80231646460331,0.0,0.8108369281476793,270,True
brain_cortex,raw,ENSG00000277986.1,U4,0.3307759470313611,16.806800306426034,0.9340998952884234,0.9553049650029498,271.75914399327354,4.057383414069973,0.0,2.460068657422016,0.048257448897348953,-0.72768292536267,3.6748730171905706,0.9974747949725493,0.7155082595307184,0.36533761198653514,0.4356432411256619,-0.72768292536267,3.6748730171905706,16.80231646460331,0.0,0.8108369281476793,270,True
brain_frontal_cortex_ba9,excluded_at_or_below_-1,ENSG00000277986.1,U4,0.6554812439114432,15.523608861392344,0.4860280057583802,0.898197662725386,269.0810412180025,4.51982224150065,0.0,1.8872803766015571,0.1684555623949585,-0.7126246364397953,3.356665002364327,0.6160541767520724,0.6922075720650697,0.7086763598642525,0.8293672517545607,-0.7126246364397953,3.356665002364327,15.522866730606479,0.0,2.6149132450863055,262,True
brain_frontal_cortex_ba9,raw,ENSG00000277986.1,U4,0.8823586857652366,16.683157748166384,0.4796914276067278,0.8676433342522722,295.46427339184805,4.689317473426492,0.0,2.4118201597803157,0.054545755929110935,-1.0,3.356665002364327,0.5740007223384497,0.7301200789298289,0.47765397552399846,0.732230253882511,-1.0,3.356665002364327,16.682647087887457,0.0,0.9099675963074025,269,True
brain_hippocampus,excluded_at_or_below_-1,ENSG00000277986.1,U4,-0.3248628698776052,13.909922023136179,0.9767696293226071,1.3821700698979054,248.69021278030277,3.3032374845864276,0.0,1.744514109423199,0.2149946033355123,-0.7282169814077057,4.20516179471729,1.06606634472665,0.8594238218986548,0.3916637691466573,0.024768604697445795,-0.7282169814077057,4.20516179471729,13.850499650786213,0.0,2.977782678419434,252,True
brain_hippocampus,raw,ENSG00000277986.1,U4,-0.3587573170509015,14.743510148694734,0.9840720906648696,1.3694765239670146,303.33978070166813,3.326313861807383,0.0,2.0488862789821605,0.11909739622504771,-1.0,4.20516179471729,1.0417596818475132,0.883011509108577,0.28800708942142084,0.06470544660303901,-1.0,4.20516179471729,14.685102986755497,0.0,1.748957529019251,255,True
brain_hypothalamus,excluded_at_or_below_-1,ENSG00000277986.1,U4,1.2578985324003156,11.39589491595047,0.7684142247767793,0.955103014167194,193.68223745198338,3.2907776150270527,0.0,2.214279691265206,0.08207702185138116,-0.7270213046264254,2.990873196102271,0.8661586907437392,0.7657382258283302,0.35661782680760395,-0.12376653654056113,-0.7270213046264254,2.990873196102271,11.345168764237146,0.0,0.9311776645698993,255,True
brain_hypothalamus,raw,ENSG00000277986.1,U4,1.023608337499515,12.531906765521812,0.7789363713579935,0.9759410358237242,175.68134504322217,3.205266447296769,0.0,2.577815514079543,0.030362506418478864,-1.0,2.990873196102271,0.851636055018107,0.7802370212243389,0.2833171215290838,-0.07688370048546433,-1.0,2.990873196102271,12.458268345009893,0.0,0.37826425258849494,257,True
brain_nucleus_accumbens_basal_ganglia,excluded_at_or_below_-1,ENSG00000277986.1,U4,0.8110879062126657,14.29287656056707,0.617231840227949,0.8559191884684272,300.2336097060542,3.3592711931015926,0.0,2.3771603535426427,0.05593610205381124,-0.8214880354670056,2.650350988526948,0.6577528566743336,0.6527590505003044,0.28041422625903134,-0.011886147259241309,-0.8214880354670056,2.650350988526948,14.242182281655625,0.0,0.7966521615756713,280,True
brain_nucleus_accumbens_basal_ganglia,raw,ENSG00000277986.1,U4,1.1527387493413228,14.891841697647624,0.6195373757695642,0.8285002137584553,313.8711493838707,3.4665098525257743,0.0,2.764479336937377,0.01949191910574254,-1.0,2.650350988526948,0.6286694732239068,0.6827347370764533,0.11637745795706537,0.07583391970644238,-1.0,2.650350988526948,14.855187335655696,0.0,0.2895561098472519,285,True
brain_putamen_basal_ganglia,excluded_at_or_below_-1,ENSG00000277986.1,U4,-0.4534507719009501,10.738547649328959,0.7973354219692845,1.1907866194270853,249.08458778186062,1.9011398921930867,0.0,1.8396568803741737,0.02392845509518382,-0.7516801268637922,2.398120484080953,0.8027009262531847,0.7035762324112341,0.033544924125350116,-0.5531289772273404,-0.7516801268637922,2.398120484080953,8.9761157451147,0.0,0.21478458253614963,252,True
brain_putamen_basal_ganglia,raw,ENSG00000277986.1,U4,-0.7920822557879527,11.970822983350402,0.7943403296935506,1.1995315664178976,206.4514725988372,1.8908111373613619,0.06789755740278808,2.1154761582002237,0.0,-1.0,2.398120484080953,0.7885064307708761,0.7187444658443938,-0.03438405527773103,-0.46207209817111794,-1.0,2.398120484080953,10.693366636318792,0.726053475018514,0.0,254,True
brain_spinal_cord_cervical_c-1,excluded_at_or_below_-1,ENSG00000277986.1,U4,1.1678450397884708,12.736498593907479,1.806167844190318,0.9937870305417372,180.32263066732634,4.984665272382726,0.0,3.1274306045729983,0.007514341501985899,-0.3915200131716405,5.308959665089907,1.7927163738591763,0.9651602932662349,0.20997515248019777,0.4616978753824852,-0.3915200131716405,5.308959665089907,12.736441722898293,0.0,0.09570597262599945,204,True
brain_spinal_cord_cervical_c-1,raw,ENSG00000277986.1,U4,1.1678450397884708,12.736498593907479,1.806167844190318,0.9937870305417372,180.32263066732634,4.984665272382726,0.0,3.1274306045729983,0.007514341501985899,-0.3915200131716405,5.308959665089907,1.7927163738591763,0.9651602932662349,0.20997515248019777,0.4616978753824852,-0.3915200131716405,5.308959665089907,12.736441722898293,0.0,0.09570597262599945,204,True
brain_substantia_nigra,excluded_at_or_below_-1,ENSG00000277986.1,U4,-0.4473227868496508,9.103402805458666,1.1059432302092238,1.355188654537798,188.63443247284198,2.4675421822031787,0.0,1.9211163506329731,0.11586345940026987,-0.7349916552236027,3.4704978200435024,1.1424171263944671,0.8306581716124594,0.164173999059197,-0.4044384865137678,-0.7349916552236027,3.4704978200435024,8.66983590063623,0.0,1.004517179880368,183,True
brain_substantia_nigra,raw,ENSG00000277986.1,U4,-0.4473227868496508,9.103402805458666,1.1059432302092238,1.355188654537798,188.63443247284198,2.4675421822031787,0.0,1.9211163506329731,0.11586345940026987,-0.7349916552236027,3.4704978200435024,1.1424171263944671,0.8306581716124594,0.164173999059197,-0.4044384865137678,-0.7349916552236027,3.4704978200435024,8.66983590063623,0.0,1.004517179880368,183,True
breast_mammary_tissue,excluded_at_or_below_-1,ENSG00000277986.1,U4,-0.6602594954547062,28.301841146013214,2.5925427041508327,1.8614902784015368,1102.014570728582,3.300569477917297,0.0,1.7278654282351118,0.2213962615934395,0.3182011318295066,6.936991208818045,2.7589507793189085,1.1361353730959973,0.374022052054448,-0.39449787789211266,0.3182011318295066,6.936991208818045,28.179838189658263,0.0,6.238910827498377,514,True
breast_mammary_tissue,raw,ENSG00000277986.1,U4,-0.6602594954547062,28.301841146013214,2.5925427041508327,1.8614902784015368,1102.014570728582,3.300569477917297,0.0,1.7278654282351118,0.2213962615934395,0.3182011318295066,6.936991208818045,2.7589507793189085,1.1361353730959973,0.374022052054448,-0.39449787789211266,0.3182011318295066,6.936991208818045,28.179838189658263,0.0,6.238910827498377,514,True
cells_cultured_fibroblasts,excluded_at_or_below_-1,ENSG00000277986.1,U4,1.4345106590315537,46.770899885768515,1.4460085271297334,0.7042350697768252,598.4624502969228,3.6374859758931875,0.0012376268085307128,4.287908699726868,0.0,-0.6892387669788465,3.2573652120047107,1.3605434235721368,0.5790666156223624,-0.5184578101027597,0.5916692144051297,-0.6892387669788465,3.2573652120047107,46.766115546829774,0.05787899833160148,0.0,649,True
cells_cultured_fibroblasts,raw,ENSG00000277986.1,U4,1.4121009803498155,50.496152078415925,1.4506943723322758,0.7082828912061077,809.5750445864101,3.6073416934551434,0.0014874587019786997,4.893249945204716,0.0,-1.0,3.2573652120047107,1.349682027451406,0.5994438507287642,-0.6924219721515968,1.1708476007904354,-1.0,3.2573652120047107,50.49564202000521,0.07511018213465803,0.0,652,True
cells_ebv-transformed_lymphocytes,excluded_at_or_below_-1,ENSG00000277986.1,U4,0.9696244365474845,24.23789831165539,2.8937108809956054,0.49901097281490525,226.68336946662527,4.097699247862503,0.0001424801318107029,4.334025794349412,0.0,1.3644323580163258,4.339600626634545,2.8780507751688797,0.4498418296899832,0.013052927027997738,1.1194268182106448,1.3644323580163258,4.339600626634545,24.235850180753882,0.003453127128298261,0.0,327,True
cells_ebv-transformed_lymphocytes,raw,ENSG00000277986.1,U4,0.9696244365474845,24.23789831165539,2.8937108809956054,0.49901097281490525,226.68336946662527,4.097699247862503,0.0001424801318107029,4.334025794349412,0.0,1.3644323580163258,4.339600626634545,2.8780507751688797,0.4498418296899832,0.013052927027997738,1.1194268182106448,1.3644323580163258,4.339600626634545,24.235850180753882,0.003453127128298261,0.0,327,True
cervix_ectocervix,excluded_at_or_below_-1,ENSG00000277986.1,U4,0.4885949202639399,2.785562060357243,2.4981601525397554,0.09794999090423127,21.343404686969706,34.097680581210994,0.0,28.574645735100653,0.0,0.5190486772204848,4.859803112023609,2.653347771769569,1.199321744427305,-0.005361061109151965,-0.745289258775125,0.5190486772204848,4.859803112023609,2.7853894887765023,0.0,0.0,24,True
cervix_ectocervix,raw,ENSG00000277986.1,U4,0.4885949202639399,2.785562060357243,2.4981601525397554,0.09794999090423127,21.343404686969706,34.097680581210994,0.0,28.574645735100653,0.0,0.5190486772204848,4.859803112023609,2.653347771769569,1.199321744427305,-0.005361061109151965,-0.745289258775125,0.5190486772204848,4.859803112023609,2.7853894887765023,0.0,0.0,24,True
cervix_endocervix,excluded_at_or_below_-1,ENSG00000277986.1,U4,0.13586214480161177,0.9143189675774537,2.1804413251740913,1.1230328011341582,17.238004847688273,3.417538939362267,0.0,1.212159606732621,0.47814799592253693,1.2178604004894784,4.894323040193687,2.5319215287504333,0.9158921102644053,0.9572327388104565,0.6454791270331599,1.2178604004894784,4.894323040193687,0.9116580155800811,0.0,0.4359074531163326,23,True
cervix_endocervix,raw,ENSG00000277986.1,U4,0.13586214480161177,0.9143189675774537,2.1804413251740913,1.1230328011341582,17.238004847688273,3.417538939362267,0.0,1.212159606732621,0.47814799592253693,1.2178604004894784,4.894323040193687,2.5319215287504333,0.9158921102644053,0.9572327388104565,0.6454791270331599,1.2178604004894784,4.894323040193687,0.9116580155800811,0.0,0.4359074531163326,23,True
colon_sigmoid,excluded_at_or_below_-1,ENSG00000277986.1,U4,1.8493527529255922,28.571770976976754,2.2731504524662762,1.2068075286529827,419.3656548311261,4.99125262834408,0.0,3.332378324729845,0.0038743799972698963,-0.5705072224436731,6.5323948901925215,2.459114941328591,1.1278864081497684,0.577530764796792,0.7427912779545895,-0.5705072224436731,6.5323948901925215,28.571560748958873,0.0,0.11069708345654794,418,True
colon_sigmoid,raw,ENSG00000277986.1,U4,1.7996402488484005,30.615374887131246,2.268484440317645,1.2042932126467853,299.7117067409105,5.007152679790129,0.0,3.838213962647619,0.000628835669444928,-1.0,6.5323948901925215,2.4508592970772103,1.139140730659302,0.5139408689541776,0.8069309380989238,-1.0,6.5323948901925215,30.61524359068771,0.0,0.019251957198569647,419,True
colon_transverse,excluded_at_or_below_-1,ENSG00000277986.1,U4,1.152509886630716,33.00588822133871,2.4868193269953722,0.9636502152949942,295.125130309464,4.469198166634699,0.0,3.1696238527607186,0.006537456027764761,0.3270262169705884,5.532147055465653,2.5791846447047244,0.7997704410246421,0.5637769238031131,0.7691352835080281,0.3270262169705884,5.532147055465653,33.00381868516707,0.0,0.21576101340260068,479,True
colon_transverse,raw,ENSG00000277986.1,U4,1.152509886630716,33.00588822133871,2.4868193269953722,0.9636502152949942,295.125130309464,4.469198166634699,0.0,3.1696238527607186,0.006537456027764761,0.3270262169705884,5.532147055465653,2.5791846447047244,0.7997704410246421,0.5637769238031131,0.7691352835080281,0.3270262169705884,5.532147055465653,33.00381868516707,0.0,0.21576101340260068,479,True
esophagus_gastroesophageal_junction,excluded_at_or_below_-1,ENSG00000277986.1,U4,1.1723566187990417,29.706249169089713,2.3654794527486698,1.0999690557344612,379.95511165156773,5.78564576272655,0.0,2.5315725316091755,0.040582391263019504,0.3964335312509923,6.8655291452161675,2.516443309923437,0.9529275017208012,0.8390486984002412,1.7189705383151548,0.3964335312509923,6.8655291452161675,29.705950639466806,0.0,1.2055385116907866,403,True
esophagus_gastroesophageal_junction,raw,ENSG00000277986.1,U4,1.1723566187990417,29.706249169089713,2.3654794527486698,1.0999690557344612,379.95511165156773,5.78564576272655,0.0,2.5315725316091755,0.040582391263019504,0.3964335312509923,6.8655291452161675,2.516443309923437,0.9529275017208012,0.8390486984002412,1.7189705383151548,0.3964335312509923,6.8655291452161675,29.705950639466806,0.0,1.2055385116907866,403,True
esophagus_mucosa,excluded_at_or_below_-1,ENSG00000277986.1,U4,2.1890463435068384,53.921560668189265,1.9975910347553019,0.9770024173341609,330.1135254950585,6.680615567497846,0.0,3.5876062155284174,0.0016036909833180046,-0.4808889051009216,6.612861127182606,2.090802776556089,1.012867549196263,1.0223747580648144,3.0250469619821603,-0.4808889051009216,6.612861127182606,53.92092095407944,0.0,0.08647249474626006,614,True
esophagus_mucosa,raw,ENSG00000277986.1,U4,2.1890463435068384,53.921560668189265,1.9975910347553019,0.9770024173341609,330.1135254950585,6.680615567497846,0.0,3.5876062155284174,0.0016036909833180046,-0.4808889051009216,6.612861127182606,2.090802776556089,1.012867549196263,1.0223747580648144,3.0250469619821603,-0.4808889051009216,6.612861127182606,53.92092095407944,0.0,0.08647249474626006,614,True
esophagus_muscularis,excluded_at_or_below_-1,ENSG00000277986.1,U4,1.8060262435220833,38.75738798713221,2.260136152867563,1.0829805482859503,610.7647094363808,4.2610899699132085,0.0,3.6887361850717744,0.0009960237835624026,-0.5646349018575842,5.523205942814136,2.367626220941333,0.9233063911125677,0.4135290556275141,0.3881374243754463,-0.5646349018575842,5.523205942814136,38.75295237496777,0.0,0.03859886224872899,561,True
esophagus_muscularis,raw,ENSG00000277986.1,U4,1.8060262435220833,38.75738798713221,2.260136152867563,1.0829805482859503,610.7647094363808,4.2610899699132085,0.0,3.6887361850717744,0.0009960237835624026,-0.5646349018575842,5.523205942814136,2.367626220941333,0.9233063911125677,0.4135290556275141,0.3881374243754463,-0.5646349018575842,5.523205942814136,38.75295237496777,0.0,0.03859886224872899,561,True
fallopian_tube,excluded_at_or_below_-1,ENSG00000277986.1,U4,0.07307692280220039,1.5735767999833248,3.7604064885665514,0.8870822401787601,29.068632918931282,4.026029607683548,0.0,1.8142393971096376,0.19262734490654254,2.6224032962424793,6.28578133889466,3.834186036280244,0.7440554003558513,1.03705124560641,2.316337103206058,2.6224032962424793,6.28578133889466,1.5731008587425146,0.0,0.30302224168977265,29,True
fallopian_tube,raw,ENSG00000277986.1,U4,0.07307692280220039,1.5735767999833248,3.7604064885665514,0.8870822401787601,29.068632918931282,4.026029607683548,0.0,1.8142393971096376,0.19262734490654254,2.6224032962424793,6.28578133889466,3.834186036280244,0.7440554003558513,1.03705124560641,2.316337103206058,2.6224032962424793,6.28578133889466,1.5731008587425146,0.0,0.30302224168977265,29,True
heart_atrial_appendage,excluded_at_or_below_-1,ENSG00000277986.1,U4,0.3092993509214873,29.333578064352743,1.5058517109070109,1.4531183621010029,609.0740346007032,4.247132389421297,0.0,2.2233115183042114,0.08434254621905025,-0.7786227686738765,5.86982206555831,1.6494263520304895,1.0351317285926518,0.4723079932217517,0.265306505005543,-0.7786227686738765,5.86982206555831,29.32997252433196,0.0,2.4737645632369425,461,True
heart_atrial_appendage,raw,ENSG00000277986.1,U4,0.3092993509214873,29.333578064352743,1.5058517109070109,1.4531183621010029,609.0740346007032,4.247132389421297,0.0,2.2233115183042114,0.08434254621905025,-0.7786227686738765,5.86982206555831,1.6494263520304895,1.0351317285926518,0.4723079932217517,0.265306505005543,-0.7786227686738765,5.86982206555831,29.32997252433196,0.0,2.4737645632369425,461,True
heart_left_ventricle,excluded_at_or_below_-1,ENSG00000277986.1,U4,2.0502136403893716,33.2710896884072,0.27333107213815555,0.7157114086386708,846.335507108086,6.879905707923428,0.0,2.1374084397155615,0.10184966883682693,-0.8083779751559527,3.755143958486406,0.4687860789286295,0.7163650369378319,1.1646397509545068,2.2714235373039635,-0.8083779751559527,3.755143958486406,33.27108863015241,0.0,3.3886493588217412,446,True
heart_left_ventricle,raw,ENSG00000277986.1,U4,2.080118305575092,34.4446510973481,0.2810830238309102,0.7224302706401936,813.9011869631215,6.800745054531782,0.0,2.5078198692063642,0.04308574283890964,-1.0,3.755143958486406,0.44928891858886894,0.7312122300791334,1.0526969126855878,2.116591382482085,-1.0,3.755143958486406,34.44406137215633,0.0,1.4840479706083487,452,True
kidney_cortex,excluded_at_or_below_-1,ENSG00000277986.1,U4,1.2848290147952615,4.342769245246348,1.859188721114164,0.9669604646867395,87.22865546719723,4.502757385840691,0.0,3.773596522354333,0.0007692146375017447,-0.7209863980333358,4.937923425707177,2.150773124240852,1.2181688493498497,0.28565653007104264,-0.3320483512222703,-0.7209863980333358,4.937923425707177,4.342592053245895,0.0,0.003340385372055499,104,True
kidney_cortex,raw,ENSG00000277986.1,U4,1.2848290147952615,4.342769245246348,1.859188721114164,0.9669604646867395,87.22865546719723,4.502757385840691,0.0,3.773596522354333,0.0007692146375017447,-0.7209863980333358,4.937923425707177,2.150773124240852,1.2181688493498497,0.28565653007104264,-0.3320483512222703,-0.7209863980333358,4.937923425707177,4.342592053245895,0.0,0.003340385372055499,104,True
kidney_medulla,excluded_at_or_below_-1,ENSG00000277986.1,U4,0.21052634335510306,7.71960961552144,2.880415060515141,0.039772548443142604,8.315790215366913,73.2767634158762,0.0,80.54211342254278,0.0,0.615293870165488,4.9412096252513,2.8857209085669577,1.3240092843564462,-0.5359522656607052,-0.35769856964217395,0.615293870165488,4.9412096252513,7.687838211915897,0.0,0.0,11,True
kidney_medulla,raw,ENSG00000277986.1,U4,0.21052634335510306,7.71960961552144,2.880415060515141,0.039772548443142604,8.315790215366913,73.2767634158762,0.0,80.54211342254278,0.0,0.615293870165488,4.9412096252513,2.8857209085669577,1.3240092843564462,-0.5359522656607052,-0.35769856964217395,0.615293870165488,4.9412096252513,7.687838211915897,0.0,0.0,11,True
liver,excluded_at_or_below_-1,ENSG00000277986.1,U4,0.3518203102539346,14.34060502147499,0.91200107200208,0.9029271951514035,341.6351662399112,3.467164669772473,0.0,2.262598678939912,0.0750620167524767,-0.5325911262938628,3.125667631070047,0.9103441115638802,0.6522968064059599,0.1353429999917341,0.08054662972842719,-0.5325911262938628,3.125667631070047,14.305292452023165,0.0,1.0737841016828413,262,True
liver,raw,ENSG00000277986.1,U4,0.3518203102539346,14.34060502147499,0.91200107200208,0.9029271951514035,341.6351662399112,3.467164669772473,0.0,2.262598678939912,0.0750620167524767,-0.5325911262938628,3.125667631070047,0.9103441115638802,0.6522968064059599,0.1353429999917341,0.08054662972842719,-0.5325911262938628,3.125667631070047,14.305292452023165,0.0,1.0737841016828413,262,True
lung,excluded_at_or_below_-1,ENSG00000277986.1,U4,-1.0300684010187455,36.65490050746683,3.2427136501439726,1.5582323960271547,529.3451990098281,2.9961371736425146,0.0,2.670946941970146,0.017195980510046123,0.2997663020336567,6.543967528007237,3.3008879346161173,1.0163267382986898,0.17784355944202787,-0.17403933136834704,0.2997663020336567,6.543967528007237,36.24279640189597,0.0,0.6232304205565729,604,True
lung,raw,ENSG00000277986.1,U4,-1.0300684010187455,36.65490050746683,3.2427136501439726,1.5582323960271547,529.3451990098281,2.9961371736425146,0.0,2.670946941970146,0.017195980510046123,0.2997663020336567,6.543967528007237,3.3008879346161173,1.0163267382986898,0.17784355944202787,-0.17403933136834704,0.2997663020336567,6.543967528007237,36.24279640189597,0.0,0.6232304205565729,604,True
minor_salivary_gland,excluded_at_or_below_-1,ENSG00000277986.1,U4,0.4114920275314486,9.389487381520635,1.3713941921109016,1.099804351520359,243.67428074152932,3.1396007846330884,0.0,2.5462711376102094,0.03209079783296225,-0.6087876925793024,3.8129961515646422,1.422437486593893,0.8262355782201897,0.2746868714403379,-0.016174295635960068,-0.6087876925793024,3.8129961515646422,9.321509780822835,0.0,0.2991346858743659,181,True
minor_salivary_gland,raw,ENSG00000277986.1,U4,0.4114920275314486,9.389487381520635,1.3713941921109016,1.099804351520359,243.67428074152932,3.1396007846330884,0.0,2.5462711376102094,0.03209079783296225,-0.6087876925793024,3.8129961515646422,1.422437486593893,0.8262355782201897,0.2746868714403379,-0.016174295635960068,-0.6087876925793024,3.8129961515646422,9.321509780822835,0.0,0.2991346858743659,181,True
muscle_skeletal,excluded_at_or_below_-1,ENSG00000277986.1,U4,1.9828538401874307,49.33892348434996,-0.16407881696886376,0.9795777196521966,1068.5255518076447,5.2535880217146715,0.0,0.9876707522114755,0.614009411181876,-0.8482048138904255,3.4749032372462736,0.1636334069988367,0.7108739055218262,1.264307054062439,2.004889306634139,-0.8482048138904255,3.4749032372462736,49.338756322417815,0.0,30.294460717973827,744,True
muscle_skeletal,raw,ENSG00000277986.1,U4,1.2784658978357102,51.16585647008315,-0.3016612621801167,1.185915854498049,3536.7985090806224,4.503581526470222,0.0,0.8327741891716255,0.7069723662717006,-1.0,3.4749032372462736,0.05836583717253605,0.7557236342821301,1.0469248384812468,1.539575259963903,-1.0,3.4749032372462736,51.16337540920933,0.0,36.171092579496054,818,True
nerve_tibial,excluded_at_or_below_-1,ENSG00000277986.1,U4,0.5281070687704408,44.491739976987084,3.30315571191857,1.378644762600424,384.1121580851835,2.8716752648516675,0.015846957302026902,3.989144120956454,0.0,-0.5856576865234329,6.10260564586884,3.34153519797341,1.0031763189177916,0.023265222280042793,0.05272908682879329,-0.5856576865234329,6.10260564586884,44.47592172434202,0.7048080325339388,0.0,670,True
nerve_tibial,raw,ENSG00000277986.1,U4,0.5281070687704408,44.491739976987084,3.30315571191857,1.378644762600424,384.1121580851835,2.8716752648516675,0.015846957302026902,3.989144120956454,0.0,-0.5856576865234329,6.10260564586884,3.34153519797341,1.0031763189177916,0.023265222280042793,0.05272908682879329,-0.5856576865234329,6.10260564586884,44.47592172434202,0.7048080325339388,0.0,670,True
ovary,excluded_at_or_below_-1,ENSG00000277986.1,U4,0.2797180141893827,12.26297469693017,3.3681056951267427,1.0198048215621183,155.2980675396542,2.983439289599221,0.010860193751887,3.76926496177405,0.0,0.6500476280607477,5.519496300705218,3.3353345150208535,0.7864230427637823,-0.14483000138078633,0.49026569436293865,0.6500476280607477,5.519496300705218,12.252796288163598,0.13306774169185853,0.0,193,True
ovary,raw,ENSG00000277986.1,U4,0.2797180141893827,12.26297469693017,3.3681056951267427,1.0198048215621183,155.2980675396542,2.983439289599221,0.010860193751887,3.76926496177405,0.0,0.6500476280607477,5.519496300705218,3.3353345150208535,0.7864230427637823,-0.14483000138078633,0.49026569436293865,0.6500476280607477,5.519496300705218,12.252796288163598,0.13306774169185853,0.0,193,True
pancreas,excluded_at_or_below_-1,ENSG00000277986.1,U4,0.8142760916731088,19.43576046501219,1.3821798881689884,0.9298542257442874,382.160066322925,3.2957526631901546,0.0,2.588535135359409,0.03083196114807865,-0.3197980861212255,3.549157791939696,1.4264118112785475,0.6996871994151097,0.2000616566030096,-0.07969681745614166,-0.3197980861212255,3.549157791939696,19.350425358450032,0.0,0.5966115628505273,362,True
pancreas,raw,ENSG00000277986.1,U4,0.8142760916731088,19.43576046501219,1.3821798881689884,0.9298542257442874,382.160066322925,3.2957526631901546,0.0,2.588535135359409,0.03083196114807865,-0.3197980861212255,3.549157791939696,1.4264118112785475,0.6996871994151097,0.2000616566030096,-0.07969681745614166,-0.3197980861212255,3.549157791939696,19.350425358450032,0.0,0.5966115628505273,362,True
pituitary,excluded_at_or_below_-1,ENSG00000277986.1,U4,0.726427540771542,25.72885895339246,2.0578129966354477,0.910012399230051,196.64602698512647,5.5239916670911455,0.0,3.559673364975042,0.0017717946163624573,-0.2327511625008282,5.612368718658876,2.1067670506746774,0.7990504089597963,0.579575147123344,1.7106047798866344,-0.2327511625008282,5.612368718658876,25.72864342510604,0.0,0.04558587190691221,313,True
pituitary,raw,ENSG00000277986.1,U4,0.726427540771542,25.72885895339246,2.0578129966354477,0.910012399230051,196.64602698512647,5.5239916670911455,0.0,3.559673364975042,0.0017717946163624573,-0.2327511625008282,5.612368718658876,2.1067670506746774,0.7990504089597963,0.579575147123344,1.7106047798866344,-0.2327511625008282,5.612368718658876,25.72864342510604,0.0,0.04558587190691221,313,True
prostate,excluded_at_or_below_-1,ENSG00000277986.1,U4,1.8201839769444854,15.603269945875354,2.0107973581784853,1.0237292842557375,493.158346738216,3.808103266097348,0.0,3.7051067629015986,0.00033547629849884367,-0.6712772558646214,4.7674296905908715,2.1080827222117167,0.9940416475169311,0.1498096447585188,0.12968142861243237,-0.6712772558646214,4.7674296905908715,15.592007279605848,0.0,0.005230748888329195,281,True
prostate,raw,ENSG00000277986.1,U4,1.632245191584995,16.615618280451113,2.0141806616170204,1.0611440318263488,367.4753863721142,3.6693248047241127,0.0008791851697683935,4.017075008907998,0.0,-1.0,4.7674296905908715,2.0970611522747955,1.0093851153503175,0.07130686490157775,0.25662580126537904,-1.0,4.7674296905908715,16.610409681036938,0.014603625855345026,0.0,282,True
skin_not_sun_exposed_suprapubic,excluded_at_or_below_-1,ENSG00000277986.1,U4,-0.1888832494286953,41.34907106491591,4.590397651782366,1.5783525497500872,465.5589978805537,3.130518186918773,0.0005430821111241499,3.1544446574704312,0.0,1.0698361887672836,8.084255647367565,4.626519054657331,1.0904734696440381,0.032130185717493556,-0.09735938307066938,1.0698361887672836,8.084255647367565,41.06318995625382,0.022300683890934314,0.0,651,True
skin_not_sun_exposed_suprapubic,raw,ENSG00000277986.1,U4,-0.1888832494286953,41.34907106491591,4.590397651782366,1.5783525497500872,465.5589978805537,3.130518186918773,0.0005430821111241499,3.1544446574704312,0.0,1.0698361887672836,8.084255647367565,4.626519054657331,1.0904734696440381,0.032130185717493556,-0.09735938307066938,1.0698361887672836,8.084255647367565,41.06318995625382,0.022300683890934314,0.0,651,True
skin_sun_exposed_lower_leg,excluded_at_or_below_-1,ENSG00000277986.1,U4,-3.8388982445599917,42.28467701554658,3.4803981751092166,1.8753469531677531,766.1744298332217,2.394785706377764,0.0,2.167765457489392,0.04089053467217818,0.6057882476925203,6.656052968299782,3.4989528754884893,1.1004017811441318,0.08217718294970001,-0.40343639752498106,0.6057882476925203,6.656052968299782,39.88097973592471,0.0,1.6307545846522649,754,True
skin_sun_exposed_lower_leg,raw,ENSG00000277986.1,U4,-3.8388982445599917,42.28467701554658,3.4803981751092166,1.8753469531677531,766.1744298332217,2.394785706377764,0.0,2.167765457489392,0.04089053467217818,0.6057882476925203,6.656052968299782,3.4989528754884893,1.1004017811441318,0.08217718294970001,-0.40343639752498106,0.6057882476925203,6.656052968299782,39.88097973592471,0.0,1.6307545846522649,754,True
small_intestine_terminal_ileum,excluded_at_or_below_-1,ENSG00000277986.1,U4,-2.361697654993379,11.351603691026336,2.8143633307637836,1.895301397790828,197.39512653801137,1.731244480756346,0.0,1.7288306883163946,0.00120407654463346,0.4974182050138866,5.134543374002197,2.8210278971533693,0.9599173420650812,0.026510243991060216,-0.5526347841765502,0.4974182050138866,5.134543374002197,8.815163425404444,0.0,0.010614131517640235,207,True
small_intestine_terminal_ileum,raw,ENSG00000277986.1,U4,-2.361697654993379,11.351603691026336,2.8143633307637836,1.895301397790828,197.39512653801137,1.731244480756346,0.0,1.7288306883163946,0.00120407654463346,0.4974182050138866,5.134543374002197,2.8210278971533693,0.9599173420650812,0.026510243991060216,-0.5526347841765502,0.4974182050138866,5.134543374002197,8.815163425404444,0.0,0.010614131517640235,207,True
spleen,excluded_at_or_below_-1,ENSG00000277986.1,U4,1.017352797615458,19.327211477698057,2.9934714192564855,0.7054937716641011,147.17948942009616,4.25033710467143,0.0,3.9498469092775648,0.0002900698085981515,1.0230530413942112,5.113792164722113,2.978707435795708,0.6323618058512828,0.12362426889508416,0.7026725698173242,1.0230530413942112,5.113792164722113,19.324494431254067,0.0,0.005605452400929911,277,True
spleen,raw,ENSG00000277986.1,U4,1.017352797615458,19.327211477698057,2.9934714192564855,0.7054937716641011,147.17948942009616,4.25033710467143,0.0,3.9498469092775648,0.0002900698085981515,1.0230530413942112,5.113792164722113,2.978707435795708,0.6323618058512828,0.12362426889508416,0.7026725698173242,1.0230530413942112,5.113792164722113,19.324494431254067,0.0,0.005605452400929911,277,True
stomach,excluded_at_or_below_-1,ENSG00000277986.1,U4,0.970337931440252,27.113195147026357,2.1554063881856913,1.1953308982589088,619.0833577417966,4.695726380640877,0.0,2.659174603618489,0.029125718717637174,-0.092198678079396,6.124359155921005,2.3271881852820053,0.9529886523477981,0.5460580870267768,0.36458702683498734,-0.092198678079396,6.124359155921005,27.112374278339036,0.0,0.789667386998204,407,True
stomach,raw,ENSG00000277986.1,U4,0.970337931440252,27.113195147026357,2.1554063881856913,1.1953308982589088,619.0833577417966,4.695726380640877,0.0,2.659174603618489,0.029125718717637174,-0.092198678079396,6.124359155921005,2.3271881852820053,0.9529886523477981,0.5460580870267768,0.36458702683498734,-0.092198678079396,6.124359155921005,27.112374278339036,0.0,0.789667386998204,407,True
testis,excluded_at_or_below_-1,ENSG00000277986.1,U4,1.7230535131613036,21.708808623609066,1.2684371884677954,0.6971168490685191,360.2806549549308,3.0963889954190393,0.002335856644042621,3.2008955933183683,0.0,-0.3093996457844883,2.7947589530214114,1.2478467549208399,0.5751637582700451,-0.03625081523672115,-0.03572437818977958,-0.3093996457844883,2.7947589530214114,21.57918220383553,0.050405876123835514,0.0,414,True
testis,raw,ENSG00000277986.1,U4,1.7230535131613036,21.708808623609066,1.2684371884677954,0.6971168490685191,360.2806549549308,3.0963889954190393,0.002335856644042621,3.2008955933183683,0.0,-0.3093996457844883,2.7947589530214114,1.2478467549208399,0.5751637582700451,-0.03625081523672115,-0.03572437818977958,-0.3093996457844883,2.7947589530214114,21.57918220383553,0.050405876123835514,0.0,414,True
thyroid,excluded_at_or_below_-1,ENSG00000277986.1,U4,-1.516539501300682,43.863460115027635,2.554263021649279,1.666471935078561,1105.3747668869669,3.433602202275046,0.0,2.4258312422093797,0.05012710955693315,-0.3042724866618693,6.600329230145827,2.600138647099595,1.053899419470239,0.21066169876193,-0.0844715969263472,-0.3042724866618693,6.600329230145827,43.74267330265628,0.0,2.1926937769553865,684,True
thyroid,raw,ENSG00000277986.1,U4,-1.516539501300682,43.863460115027635,2.554263021649279,1.666471935078561,1105.3747668869669,3.433602202275046,0.0,2.4258312422093797,0.05012710955693315,-0.3042724866618693,6.600329230145827,2.600138647099595,1.053899419470239,0.21066169876193,-0.0844715969263472,-0.3042724866618693,6.600329230145827,43.74267330265628,0.0,2.1926937769553865,684,True
uterus,excluded_at_or_below_-1,ENSG00000277986.1,U4,0.6955165856613377,7.387928511001673,2.631996416579032,1.2331926436251999,99.07814177018798,3.1576917218689218,0.0,2.736962846792938,0.016903489158457328,0.2453678773385794,5.38550006401303,2.6481523226848265,1.0030050652829283,0.06703940783257627,-0.1709783755102814,0.2453678773385794,5.38550006401303,7.337416971051502,0.0,0.12402794822124985,153,True
uterus,raw,ENSG00000277986.1,U4,0.6955165856613377,7.387928511001673,2.631996416579032,1.2331926436251999,99.07814177018798,3.1576917218689218,0.0,2.736962846792938,0.016903489158457328,0.2453678773385794,5.38550006401303,2.6481523226848265,1.0030050652829283,0.06703940783257627,-0.1709783755102814,0.2453678773385794,5.38550006401303,7.337416971051502,0.0,0.12402794822124985,153,True
vagina,excluded_at_or_below_-1,ENSG00000277986.1,U4,-1.8944870476445024,9.770517726863677,2.7487674685432233,2.3429990900331736,165.38302692045283,2.0543575202636153,0.0,1.6585615867943129,0.14966226671507885,0.000944655910734,6.15232540961083,2.7663166701109967,1.1860426244138274,0.09472790686491366,-0.6072813720745862,0.000944655910734,6.15232540961083,8.586153767100116,0.0,1.2850232351484163,170,True
vagina,raw,ENSG00000277986.1,U4,-1.8944870476445024,9.770517726863677,2.7487674685432233,2.3429990900331736,165.38302692045283,2.0543575202636153,0.0,1.6585615867943129,0.14966226671507885,0.000944655910734,6.15232540961083,2.7663166701109967,1.1860426244138274,0.09472790686491366,-0.6072813720745862,0.000944655910734,6.15232540961083,8.586153767100116,0.0,1.2850232351484163,170,True
whole_blood,excluded_at_or_below_-1,ENSG00000277986.1,U4,-3.9013742253755397,38.9958991280679,0.0033285650836791737,2.8783619646087306,1176.2346873081647,2.456281726817172,0.0,0.37178882012511894,0.9297833286262954,-0.7533766647255767,5.002621518384313,0.9180491210613437,1.0928476808458654,0.4940953322842736,-0.5229830956312203,-0.7533766647255767,5.002621518384313,37.08645699545865,0.0,34.48236943219351,726,True
whole_blood,raw,ENSG00000277986.1,U4,-10.675072871749114,51.4348992154973,-1.0638123621232762,4.326103568272238,3710.1478954701174,1.9831316873626896,0.0,-0.02086041319575765,1.0,-1.0,5.002621518384313,0.7341266026034067,1.1827900988922955,0.4131668965743648,-0.5922269725787586,-1.0,5.002621518384313,44.224931445437434,0.0,44.224931445437434,803,True
